test/test02/SBE16plus_01606330_2016_03_30.cnv
* Sea-Bird SBE16plus  Data File:
* FileName = C:\Users\jan079\Desktop\SBE16plus_01606330_2016_03_30.hex
* Software version 2.4.1

# name 0 = timeJV2: Time, Instrument [julian days]
# name 1 = timeK: Time, Instrument [seconds]
# name 2 = tv290C: Temperature [ITS-90, deg C]
# name 3 = c0S/m: Conductivity [S/m]
# name 4 = prdM: Pressure, Strain Gauge [db]
# name 5 = sal00: Salinity, Practical [PSU]
# name 6 = depSM: Depth [salt water, m], lat = -46.00
# name 7 = sbeox0ML/L: Oxygen, SBE 43 [ml/l]
# name 8 = sbeox0PS: Oxygen, SBE 43 [% saturation]
# name 9 = sbeox0Mm/L: Oxygen, SBE 43 [umol/l]
# name 10 = sbeox0Mm/Kg: Oxygen, SBE 43 [umol/kg]
# name 11 = oxsolMm/Kg: Oxygen Saturation, Garcia & Gordon [umol/kg]
# name 12 = v0: Voltage 0
# name 13 = v1: Voltage 1
# name 14 = v2: Voltage 2
# name 15 = v3: Voltage 3
# name 16 = v4: Voltage 4
# name 17 = v5: Voltage 5
# name 18 = potemp090C: Potential Temperature [ITS-90, deg C]
# name 19 = sigma-é00: Density [sigma-theta, kg/m^3]
# name 20 = flag:  0.000e+00
*END*
  86.000498  480729643    12.2532   4.016157     29.666    34.9083     29.420     5.6252     93.395    251.223    244.745  262.05291     2.5718     2.5427     0.1717     0.0672     2.0315     1.9203    12.2493    26.4699  0.000e+00
  86.042164  480733243    12.2192   4.011572     29.798    34.8954     29.551     5.6337     93.463    251.603    245.116  262.26070     2.5729     2.6698     0.1768     0.0715     2.0322     1.9165    12.2153    26.4665  0.000e+00
  86.083831  480736843    12.2306   4.012741     30.280    34.8960     30.029     5.6338     93.486    251.606    245.119  262.19812     2.5733     2.6338     0.1897     0.0706     2.0314     1.9180    12.2266    26.4647  0.000e+00
  86.125498  480740443    12.2477   4.014675     30.349    34.8987     30.098     5.6362     93.561    251.712    245.223  262.10029     2.5750     2.7508     0.1611     0.0673     2.0309     1.9205    12.2438    26.4636  0.000e+00
  86.167164  480744043    12.2996   4.022008     29.488    34.9219     29.244     5.6143     93.311    250.733    244.267  261.77738     2.5696     2.9944     0.1527     0.0684     2.0313     1.9250    12.2957    26.4715  0.000e+00
  86.208831  480747643    12.3096   4.024103     30.139    34.9326     29.889     5.6164     93.373    250.831    244.360  261.70375     2.5708     2.7315     0.1742     0.0693     2.0303     1.9264    12.3056    26.4779  0.000e+00
  86.250498  480751243    12.3131   4.024429     30.501    34.9323     30.249     5.6206     93.448    251.014    244.540  261.68511     2.5724     2.5073     0.1800     0.0696     2.0290     1.9266    12.3091    26.4769  0.000e+00
  86.292164  480754843    12.3044   4.023079     30.089    34.9275     29.840     5.6178     93.383    250.891    244.420  261.74084     2.5711     2.2530     0.1814     0.0660     2.0300     1.9258    12.3005    26.4749  0.000e+00
  86.333831  480758443    12.2903   4.021290     30.488    34.9232     30.236     5.6179     93.354    250.897    244.426  261.82532     2.5703     1.5058     0.1719     0.0713     2.0311     1.9245    12.2862    26.4743  0.000e+00
  86.375498  480762043    12.2899   4.021303     30.242    34.9237     29.992     5.6145     93.297    250.744    244.277  261.82608     2.5691     0.0310     0.1691     0.0651     2.0323     1.9240    12.2860    26.4748  0.000e+00
  86.417164  480765643    12.2887   4.021164     30.938    34.9232     30.682     5.6227     93.431    251.111    244.634  261.83366     2.5719     0.0314     0.1851     0.0708     2.0294     1.9247    12.2846    26.4747  0.000e+00
  86.458831  480769243    12.2889   4.021237     30.222    34.9240     29.972     5.6134     93.277    250.694    244.228  261.83107     2.5686     0.0314     0.1861     0.0719     2.0320     1.9246    12.2849    26.4752  0.000e+00
  86.500498  480772843    12.2898   4.021476     30.405    34.9254     30.153     5.6172     93.344    250.866    244.395  261.82359     2.5701     0.0313     0.1897     0.0673     2.0312     1.9248    12.2858    26.4762  0.000e+00
  88.917164  480981643    12.2176   4.012582     30.733    34.9064     30.479     5.6228     93.283    251.112    244.635  262.24927     2.5686     2.2383     0.1627     0.0687     2.0320     1.9163    12.2136    26.4753  0.000e+00
  89.000498  480988843    12.2295   4.016725   6330.549    32.8283   6187.825    13.6856    224.155    611.200    596.267  266.00620     2.5705     2.6096     0.1701     0.0706     2.0309     1.9179    11.2258    25.0446  0.000e+00
