trunk/Tests/sample_data/SBE39_sample_data.asc
* Sea-Bird SBE39 Data File:
* FileName = C:\Field\Seabird\Data\0761008.asc
* Software Version 1.59
* Temperature SN = 
* Conductivity SN = 
* System UpLoad Time = Oct 25 2008 23:51:24
* ds
* SBE39 V 1.6  SERIAL NO. 0760    25 Oct 2008  23:51:01
*END*
[from data line 12954]
 22.6256,    8.184, 21 Jun 2008, 23:14:59
 22.6193,    8.213, 21 Jun 2008, 23:19:59
 22.6049,    7.982, 21 Jun 2008, 23:24:59
 22.6022,    8.071, 21 Jun 2008, 23:29:59
 22.6311,    8.195, 21 Jun 2008, 23:34:59
 22.6665,    8.056, 21 Jun 2008, 23:39:59
 22.6718,    7.955, 21 Jun 2008, 23:44:59
 22.6810,    7.868, 21 Jun 2008, 23:49:59
 22.6844,    7.884, 21 Jun 2008, 23:54:59
 22.6814,    7.867, 21 Jun 2008, 23:59:59
 22.6787,    7.609, 22 Jun 2008, 00:04:59
 22.6779,    7.767, 22 Jun 2008, 00:09:59
 22.6894,    7.791, 22 Jun 2008, 00:14:59
 22.7074,    7.760, 22 Jun 2008, 00:19:59
 22.7215,    7.595, 22 Jun 2008, 00:24:59
 22.7186,    7.738, 22 Jun 2008, 00:29:59
 22.7354,    7.618, 22 Jun 2008, 00:34:59
 22.7397,    7.540, 22 Jun 2008, 00:39:59
 22.7455,    7.746, 22 Jun 2008, 00:44:59
 22.7439,    7.596, 22 Jun 2008, 00:49:59
 22.7430,    7.681, 22 Jun 2008, 00:54:59
 22.7448,    7.575, 22 Jun 2008, 00:59:59
 22.7486,    7.492, 22 Jun 2008, 01:04:59
 22.7518,    7.346, 22 Jun 2008, 01:09:59
 22.7519,    7.449, 22 Jun 2008, 01:14:59
 22.7544,    7.517, 22 Jun 2008, 01:19:59
 22.7605,    7.329, 22 Jun 2008, 01:24:59
 22.7667,    7.283, 22 Jun 2008, 01:29:59
 22.7663,    7.382, 22 Jun 2008, 01:34:59
 22.7654,    7.313, 22 Jun 2008, 01:39:59
 22.7673,    7.143, 22 Jun 2008, 01:44:59
 22.7641,    7.171, 22 Jun 2008, 01:49:59
 22.7625,    7.097, 22 Jun 2008, 01:54:59
 22.7678,    7.157, 22 Jun 2008, 01:59:59
 22.7672,    7.324, 22 Jun 2008, 02:04:59
 22.7661,    7.019, 22 Jun 2008, 02:09:59
 22.7697,    6.891, 22 Jun 2008, 02:14:59
 22.7669,    7.132, 22 Jun 2008, 02:19:59
 22.7686,    7.136, 22 Jun 2008, 02:24:59
 22.7682,    7.000, 22 Jun 2008, 02:29:59
 22.7700,    7.239, 22 Jun 2008, 02:34:59
 22.7585,    6.947, 22 Jun 2008, 02:39:59
 22.7439,    7.144, 22 Jun 2008, 02:44:59
 22.7062,    7.114, 22 Jun 2008, 02:49:59
 22.7015,    7.083, 22 Jun 2008, 02:54:59
 22.7038,    6.930, 22 Jun 2008, 02:59:59
 22.7028,    6.693, 22 Jun 2008, 03:04:59
 22.7049,    6.861, 22 Jun 2008, 03:09:59
 22.7059,    6.832, 22 Jun 2008, 03:14:59
 22.7019,    6.868, 22 Jun 2008, 03:19:59
 22.7014,    6.876, 22 Jun 2008, 03:24:59
 22.6996,    6.579, 22 Jun 2008, 03:29:59
 22.6980,    6.800, 22 Jun 2008, 03:34:59
 22.6987,    6.740, 22 Jun 2008, 03:39:59
 22.7030,    6.672, 22 Jun 2008, 03:44:59
 22.7112,    6.644, 22 Jun 2008, 03:49:59
 22.6937,    6.853, 22 Jun 2008, 03:54:59
 22.6952,    6.680, 22 Jun 2008, 03:59:59
 22.6895,    6.476, 22 Jun 2008, 04:04:59
 22.6805,    6.573, 22 Jun 2008, 04:09:59
 22.6449,    6.298, 22 Jun 2008, 04:14:59
 22.6216,    6.529, 22 Jun 2008, 04:19:59
 22.6365,    6.754, 22 Jun 2008, 04:24:59
 22.6704,    6.562, 22 Jun 2008, 04:29:59
 22.6793,    6.379, 22 Jun 2008, 04:34:59
 22.6777,    6.273, 22 Jun 2008, 04:39:59
 22.6944,    6.426, 22 Jun 2008, 04:44:59
 22.7019,    6.562, 22 Jun 2008, 04:49:59
 22.7095,    6.381, 22 Jun 2008, 04:54:59
 22.7163,    6.315, 22 Jun 2008, 04:59:59
 22.7263,    6.349, 22 Jun 2008, 05:04:59
 22.7314,    6.363, 22 Jun 2008, 05:09:59
 22.7360,    6.313, 22 Jun 2008, 05:14:59
 22.7401,    6.180, 22 Jun 2008, 05:19:59
 22.7525,    6.365, 22 Jun 2008, 05:24:59
 22.7667,    6.035, 22 Jun 2008, 05:29:59
 22.7758,    6.192, 22 Jun 2008, 05:34:59
 22.7832,    6.098, 22 Jun 2008, 05:39:59
 22.7805,    6.312, 22 Jun 2008, 05:44:59
 22.7747,    6.277, 22 Jun 2008, 05:49:59
 22.7699,    6.023, 22 Jun 2008, 05:54:59
 22.7639,    6.095, 22 Jun 2008, 05:59:59
 22.7655,    6.119, 22 Jun 2008, 06:04:59
 22.7390,    6.113, 22 Jun 2008, 06:09:59
 22.7364,    6.194, 22 Jun 2008, 06:14:59
 22.7357,    6.030, 22 Jun 2008, 06:19:59
 22.7230,    6.069, 22 Jun 2008, 06:24:59
 22.7224,    6.177, 22 Jun 2008, 06:29:59
 22.7461,    6.095, 22 Jun 2008, 06:34:59
 22.7328,    6.173, 22 Jun 2008, 06:39:59
 22.7494,    6.184, 22 Jun 2008, 06:44:59
 22.7443,    6.142, 22 Jun 2008, 06:49:59
 22.7401,    6.156, 22 Jun 2008, 06:54:59
 22.7445,    5.928, 22 Jun 2008, 06:59:59
 22.7409,    6.059, 22 Jun 2008, 07:04:59
 22.7553,    6.166, 22 Jun 2008, 07:09:59
 22.7585,    6.138, 22 Jun 2008, 07:14:59
 22.7679,    6.192, 22 Jun 2008, 07:19:59
 22.7766,    6.312, 22 Jun 2008, 07:24:59
 22.7820,    6.530, 22 Jun 2008, 07:29:59
 22.7834,    6.443, 22 Jun 2008, 07:34:59
 22.7859,    6.409, 22 Jun 2008, 07:39:59
 22.7860,    6.329, 22 Jun 2008, 07:44:59
 22.7870,    6.587, 22 Jun 2008, 07:49:59
 22.7670,    6.654, 22 Jun 2008, 07:54:59
 22.7607,    6.633, 22 Jun 2008, 07:59:59
 22.7530,    6.677, 22 Jun 2008, 08:04:59
 22.7335,    6.919, 22 Jun 2008, 08:09:59
 22.7200,    6.862, 22 Jun 2008, 08:14:59
 22.7137,    6.850, 22 Jun 2008, 08:19:59
 22.7137,    7.160, 22 Jun 2008, 08:24:59
 22.7041,    7.071, 22 Jun 2008, 08:29:59
 22.7011,    7.092, 22 Jun 2008, 08:34:59
 22.6978,    7.382, 22 Jun 2008, 08:39:59
 22.7017,    7.375, 22 Jun 2008, 08:44:59
 22.6962,    7.394, 22 Jun 2008, 08:49:59
 22.6918,    7.363, 22 Jun 2008, 08:54:59
 22.6905,    7.482, 22 Jun 2008, 08:59:59
 22.6840,    7.764, 22 Jun 2008, 09:04:59
 22.6861,    7.456, 22 Jun 2008, 09:09:59
 22.6869,    7.804, 22 Jun 2008, 09:14:59
 22.6861,    7.721, 22 Jun 2008, 09:19:59
 22.6853,    7.868, 22 Jun 2008, 09:24:59
 22.7000,    7.945, 22 Jun 2008, 09:29:59
 22.7042,    8.006, 22 Jun 2008, 09:34:59
 22.7074,    7.817, 22 Jun 2008, 09:39:59
 22.7068,    7.842, 22 Jun 2008, 09:44:59
 22.6981,    8.150, 22 Jun 2008, 09:49:59
 22.7045,    8.177, 22 Jun 2008, 09:54:59
 22.7051,    7.960, 22 Jun 2008, 09:59:59
 22.7096,    7.974, 22 Jun 2008, 10:04:59
 22.7195,    8.182, 22 Jun 2008, 10:09:59
 22.7249,    7.824, 22 Jun 2008, 10:14:59
 22.7320,    8.007, 22 Jun 2008, 10:19:59
 22.7348,    8.284, 22 Jun 2008, 10:24:59
 22.7372,    8.159, 22 Jun 2008, 10:29:59
 22.7368,    8.195, 22 Jun 2008, 10:34:59
 22.7422,    8.213, 22 Jun 2008, 10:39:59
 22.7425,    8.178, 22 Jun 2008, 10:44:59
 22.7531,    7.939, 22 Jun 2008, 10:49:59
 22.7560,    8.071, 22 Jun 2008, 10:54:59
 22.7609,    8.251, 22 Jun 2008, 10:59:59
 22.7650,    8.239, 22 Jun 2008, 11:04:59
 22.7660,    8.323, 22 Jun 2008, 11:09:59
 22.7685,    8.160, 22 Jun 2008, 11:14:59
 22.7758,    8.116, 22 Jun 2008, 11:19:59
 22.7809,    8.202, 22 Jun 2008, 11:24:59
 22.7857,    8.216, 22 Jun 2008, 11:29:59
 22.7926,    8.394, 22 Jun 2008, 11:34:59
 22.7942,    8.267, 22 Jun 2008, 11:39:59
 22.7915,    8.162, 22 Jun 2008, 11:44:59
 22.7964,    8.145, 22 Jun 2008, 11:49:59
 22.8000,    8.164, 22 Jun 2008, 11:54:59
 22.7991,    8.348, 22 Jun 2008, 11:59:59
 22.8014,    8.142, 22 Jun 2008, 12:04:59
 22.8032,    8.226, 22 Jun 2008, 12:09:59
 22.8026,    8.110, 22 Jun 2008, 12:14:59
 22.8033,    8.110, 22 Jun 2008, 12:19:59
 22.8036,    8.049, 22 Jun 2008, 12:24:59
 22.7994,    8.228, 22 Jun 2008, 12:29:59
 22.8062,    8.139, 22 Jun 2008, 12:34:59
 22.8081,    8.217, 22 Jun 2008, 12:39:59
 22.8186,    8.066, 22 Jun 2008, 12:44:59
 22.8089,    8.198, 22 Jun 2008, 12:49:59
 22.8235,    8.192, 22 Jun 2008, 12:54:59
 22.8178,    8.124, 22 Jun 2008, 12:59:59
 22.8130,    8.220, 22 Jun 2008, 13:04:59
 22.8175,    8.201, 22 Jun 2008, 13:09:59
 22.8212,    8.038, 22 Jun 2008, 13:14:59
 22.8247,    8.112, 22 Jun 2008, 13:19:59
 22.8432,    8.128, 22 Jun 2008, 13:24:59
 22.8409,    8.160, 22 Jun 2008, 13:29:59
 22.8429,    8.177, 22 Jun 2008, 13:34:59
 22.8558,    7.936, 22 Jun 2008, 13:39:59
 22.8520,    7.950, 22 Jun 2008, 13:44:59
 22.8406,    7.786, 22 Jun 2008, 13:49:59
 22.8441,    8.059, 22 Jun 2008, 13:54:59
 22.8430,    7.960, 22 Jun 2008, 13:59:59
 22.8473,    7.966, 22 Jun 2008, 14:04:59
 22.8360,    7.955, 22 Jun 2008, 14:09:59
 22.8376,    8.055, 22 Jun 2008, 14:14:59
 22.8422,    7.971, 22 Jun 2008, 14:19:59
 22.8321,    7.879, 22 Jun 2008, 14:24:59
 22.8210,    7.756, 22 Jun 2008, 14:29:59
 22.8182,    7.949, 22 Jun 2008, 14:34:59
 22.7854,    7.788, 22 Jun 2008, 14:39:59
 22.7774,    8.032, 22 Jun 2008, 14:44:59
 22.7640,    7.996, 22 Jun 2008, 14:49:59
 22.7538,    7.850, 22 Jun 2008, 14:54:59
 22.7401,    7.784, 22 Jun 2008, 14:59:59
 22.7423,    7.878, 22 Jun 2008, 15:04:59
 22.7334,    7.699, 22 Jun 2008, 15:09:59
 22.7295,    7.928, 22 Jun 2008, 15:14:59
 22.7217,    8.117, 22 Jun 2008, 15:19:59
 22.7238,    7.916, 22 Jun 2008, 15:24:59
 22.7207,    7.981, 22 Jun 2008, 15:29:59
 22.7145,    7.957, 22 Jun 2008, 15:34:59
 22.7062,    7.867, 22 Jun 2008, 15:39:59
 22.6910,    8.081, 22 Jun 2008, 15:44:59
 22.6907,    7.799, 22 Jun 2008, 15:49:59
 22.6655,    8.042, 22 Jun 2008, 15:54:59
 22.6597,    7.941, 22 Jun 2008, 15:59:59
 22.6454,    7.854, 22 Jun 2008, 16:04:59
 22.6439,    7.913, 22 Jun 2008, 16:09:59
 22.6302,    7.704, 22 Jun 2008, 16:14:59
 22.6288,    7.646, 22 Jun 2008, 16:19:59
 22.6171,    7.734, 22 Jun 2008, 16:24:59
 22.5906,    7.613, 22 Jun 2008, 16:29:59
 22.5887,    7.860, 22 Jun 2008, 16:34:59
 22.5720,    7.853, 22 Jun 2008, 16:39:59
 22.5475,    7.828, 22 Jun 2008, 16:44:59
 22.5056,    7.948, 22 Jun 2008, 16:49:59
 22.5004,    7.675, 22 Jun 2008, 16:54:59
 22.4964,    7.724, 22 Jun 2008, 16:59:59
 22.5002,    7.739, 22 Jun 2008, 17:04:59
 22.4989,    7.741, 22 Jun 2008, 17:09:59
 22.4876,    7.663, 22 Jun 2008, 17:14:59
 22.4820,    7.278, 22 Jun 2008, 17:19:59
 22.4705,    7.383, 22 Jun 2008, 17:24:59
 22.4715,    7.396, 22 Jun 2008, 17:29:59
 22.4791,    7.183, 22 Jun 2008, 17:34:59
 22.4752,    7.157, 22 Jun 2008, 17:39:59
 22.4691,    7.239, 22 Jun 2008, 17:44:59
 22.4677,    7.051, 22 Jun 2008, 17:49:59
 22.4587,    6.932, 22 Jun 2008, 17:54:59
 22.4686,    6.907, 22 Jun 2008, 17:59:59
 22.4665,    6.736, 22 Jun 2008, 18:04:59
 22.4710,    6.751, 22 Jun 2008, 18:09:59
 22.4814,    6.723, 22 Jun 2008, 18:14:59
 22.4887,    6.586, 22 Jun 2008, 18:19:59
 22.4920,    6.659, 22 Jun 2008, 18:24:59
 22.5024,    6.615, 22 Jun 2008, 18:29:59
 22.5008,    6.576, 22 Jun 2008, 18:34:59
 22.5091,    6.582, 22 Jun 2008, 18:39:59
 22.5063,    6.422, 22 Jun 2008, 18:44:59
 22.5139,    6.369, 22 Jun 2008, 18:49:59
 22.5128,    6.447, 22 Jun 2008, 18:54:59
 22.5068,    6.573, 22 Jun 2008, 18:59:59
 22.4997,    6.381, 22 Jun 2008, 19:04:59
 22.5051,    6.387, 22 Jun 2008, 19:09:59
 22.5049,    6.287, 22 Jun 2008, 19:14:59
 22.4982,    6.336, 22 Jun 2008, 19:19:59
 22.4969,    6.148, 22 Jun 2008, 19:24:59
 22.4924,    6.399, 22 Jun 2008, 19:29:59
 22.4865,    6.408, 22 Jun 2008, 19:34:59
 22.4890,    6.206, 22 Jun 2008, 19:39:59
 22.4776,    6.337, 22 Jun 2008, 19:44:59
 22.4906,    6.262, 22 Jun 2008, 19:49:59
 22.4914,    6.177, 22 Jun 2008, 19:54:59
 22.4894,    6.256, 22 Jun 2008, 19:59:59
 22.4954,    6.484, 22 Jun 2008, 20:04:59
 22.4975,    6.192, 22 Jun 2008, 20:09:59
 22.4989,    6.231, 22 Jun 2008, 20:14:59
 22.5101,    6.477, 22 Jun 2008, 20:19:59
 22.5103,    6.329, 22 Jun 2008, 20:24:59
 22.5089,    6.398, 22 Jun 2008, 20:29:59
 22.5093,    6.358, 22 Jun 2008, 20:34:59
 22.5044,    6.279, 22 Jun 2008, 20:39:59
 22.5131,    6.404, 22 Jun 2008, 20:44:59
 22.5175,    6.459, 22 Jun 2008, 20:49:59
 22.5109,    6.341, 22 Jun 2008, 20:54:59
 22.5143,    6.504, 22 Jun 2008, 20:59:59
 22.5225,    6.529, 22 Jun 2008, 21:04:59
 22.5102,    6.641, 22 Jun 2008, 21:09:59
 22.5173,    6.522, 22 Jun 2008, 21:14:59
 22.5212,    6.534, 22 Jun 2008, 21:19:59
 22.5232,    6.708, 22 Jun 2008, 21:24:59
 22.5194,    6.848, 22 Jun 2008, 21:29:59
 22.5399,    6.746, 22 Jun 2008, 21:34:59
 22.5515,    6.969, 22 Jun 2008, 21:39:59
 22.5681,    6.846, 22 Jun 2008, 21:44:59
 22.5693,    6.872, 22 Jun 2008, 21:49:59
 22.5729,    7.087, 22 Jun 2008, 21:54:59
 22.5774,    6.986, 22 Jun 2008, 21:59:59
 22.5826,    6.978, 22 Jun 2008, 22:04:59
 22.5997,    7.108, 22 Jun 2008, 22:09:59
 22.6016,    7.143, 22 Jun 2008, 22:14:59
 22.5977,    7.011, 22 Jun 2008, 22:19:59
 22.5974,    7.135, 22 Jun 2008, 22:24:59
 22.5832,    7.347, 22 Jun 2008, 22:29:59
 22.5663,    7.026, 22 Jun 2008, 22:34:59
 22.5667,    7.232, 22 Jun 2008, 22:39:59
 22.6089,    7.514, 22 Jun 2008, 22:44:59
 22.6162,    7.556, 22 Jun 2008, 22:49:59
 22.6217,    7.481, 22 Jun 2008, 22:54:59
 22.6306,    7.468, 22 Jun 2008, 22:59:59
 22.6138,    7.360, 22 Jun 2008, 23:04:59
 22.6082,    7.450, 22 Jun 2008, 23:09:59
 22.6026,    7.429, 22 Jun 2008, 23:14:59
 22.6070,    7.504, 22 Jun 2008, 23:19:59
 22.6156,    7.445, 22 Jun 2008, 23:24:59
 22.6126,    7.435, 22 Jun 2008, 23:29:59
 22.6092,    7.583, 22 Jun 2008, 23:34:59
 22.6251,    7.510, 22 Jun 2008, 23:39:59
 22.6236,    7.483, 22 Jun 2008, 23:44:59
 22.6132,    7.508, 22 Jun 2008, 23:49:59
 22.6164,    7.692, 22 Jun 2008, 23:54:59
 22.6112,    7.656, 22 Jun 2008, 23:59:59
 22.5997,    7.440, 23 Jun 2008, 00:04:59
 22.5918,    7.804, 23 Jun 2008, 00:09:59
 22.5834,    7.521, 23 Jun 2008, 00:14:59
 22.5777,    7.649, 23 Jun 2008, 00:19:59
 22.6121,    7.607, 23 Jun 2008, 00:24:59
 22.6441,    7.709, 23 Jun 2008, 00:29:59
 22.6598,    7.685, 23 Jun 2008, 00:34:59
 22.6665,    7.906, 23 Jun 2008, 00:39:59
 22.6729,    7.589, 23 Jun 2008, 00:44:59
 22.6824,    7.640, 23 Jun 2008, 00:49:59
 22.6835,    7.517, 23 Jun 2008, 00:54:59
 22.6902,    7.610, 23 Jun 2008, 00:59:59
 22.6942,    7.627, 23 Jun 2008, 01:04:59
 22.6956,    7.397, 23 Jun 2008, 01:09:59
 22.6969,    7.613, 23 Jun 2008, 01:14:59
 22.7011,    7.451, 23 Jun 2008, 01:19:59
 22.7078,    7.446, 23 Jun 2008, 01:24:59
 22.7042,    7.464, 23 Jun 2008, 01:29:59
 22.7041,    7.319, 23 Jun 2008, 01:34:59
 22.7081,    7.336, 23 Jun 2008, 01:39:59
 22.7137,    7.393, 23 Jun 2008, 01:44:59
 22.7172,    7.364, 23 Jun 2008, 01:49:59
 22.7160,    7.367, 23 Jun 2008, 01:54:59
 22.7205,    7.315, 23 Jun 2008, 01:59:59
 22.7176,    7.232, 23 Jun 2008, 02:04:59
 22.7177,    7.361, 23 Jun 2008, 02:09:59
 22.7237,    7.364, 23 Jun 2008, 02:14:59
 22.7191,    7.187, 23 Jun 2008, 02:19:59
 22.7161,    7.431, 23 Jun 2008, 02:24:59
 22.7187,    7.194, 23 Jun 2008, 02:29:59
 22.7207,    7.375, 23 Jun 2008, 02:34:59
 22.7186,    7.229, 23 Jun 2008, 02:39:59
 22.7139,    7.224, 23 Jun 2008, 02:44:59
 22.7123,    7.117, 23 Jun 2008, 02:49:59
 22.7142,    7.251, 23 Jun 2008, 02:54:59
 22.7103,    7.060, 23 Jun 2008, 02:59:59
 22.7045,    7.065, 23 Jun 2008, 03:04:59
 22.7045,    7.314, 23 Jun 2008, 03:09:59
 22.6995,    6.951, 23 Jun 2008, 03:14:59
 22.6975,    6.976, 23 Jun 2008, 03:19:59
 22.6934,    6.958, 23 Jun 2008, 03:24:59
 22.6977,    6.905, 23 Jun 2008, 03:29:59
 22.6922,    6.700, 23 Jun 2008, 03:34:59
 22.6830,    6.893, 23 Jun 2008, 03:39:59
 22.6744,    6.834, 23 Jun 2008, 03:44:59
 22.6649,    6.815, 23 Jun 2008, 03:49:59
 22.6655,    6.777, 23 Jun 2008, 03:54:59
 22.6570,    6.680, 23 Jun 2008, 03:59:59
 22.6520,    6.722, 23 Jun 2008, 04:04:59
 22.6482,    6.666, 23 Jun 2008, 04:09:59
 22.6464,    6.875, 23 Jun 2008, 04:14:59
 22.6432,    6.841, 23 Jun 2008, 04:19:59
 22.6390,    6.875, 23 Jun 2008, 04:24:59
 22.6317,    6.814, 23 Jun 2008, 04:29:59
 22.6247,    6.746, 23 Jun 2008, 04:34:59
 22.6120,    6.677, 23 Jun 2008, 04:39:59
 22.6027,    6.545, 23 Jun 2008, 04:44:59
 22.6030,    6.341, 23 Jun 2008, 04:49:59
 22.6052,    6.559, 23 Jun 2008, 04:54:59
 22.6091,    6.619, 23 Jun 2008, 04:59:59
 22.6127,    6.665, 23 Jun 2008, 05:04:59
 22.6174,    6.477, 23 Jun 2008, 05:09:59
 22.6193,    6.682, 23 Jun 2008, 05:14:59
 22.6169,    6.345, 23 Jun 2008, 05:19:59
 22.6138,    6.312, 23 Jun 2008, 05:24:59
 22.6151,    6.343, 23 Jun 2008, 05:29:59
 22.6175,    6.452, 23 Jun 2008, 05:34:59
 22.6113,    6.544, 23 Jun 2008, 05:39:59
 22.6097,    6.311, 23 Jun 2008, 05:44:59
 22.6096,    6.286, 23 Jun 2008, 05:49:59
 22.6108,    6.377, 23 Jun 2008, 05:54:59
 22.6102,    6.362, 23 Jun 2008, 05:59:59
 22.6075,    6.223, 23 Jun 2008, 06:04:59
 22.6042,    6.037, 23 Jun 2008, 06:09:59
 22.6011,    6.284, 23 Jun 2008, 06:14:59
 22.6016,    6.199, 23 Jun 2008, 06:19:59
 22.5940,    6.195, 23 Jun 2008, 06:24:59
 22.5852,    6.162, 23 Jun 2008, 06:29:59
 22.5988,    6.224, 23 Jun 2008, 06:34:59
 22.5984,    6.227, 23 Jun 2008, 06:39:59
 22.5958,    6.092, 23 Jun 2008, 06:44:59
 22.5952,    6.194, 23 Jun 2008, 06:49:59
