trunk/Tests/sample_data/SBE39_sample_data.asc
* Sea-Bird SBE39 Data File:
* FileName = C:\Field\Seabird\Data\0761008.asc
* Software Version 1.59
* Temperature SN = 
* Conductivity SN = 
* System UpLoad Time = Oct 25 2008 23:51:24
* ds
* SBE39 V 1.6  SERIAL NO. 0760    25 Oct 2008  23:51:01
*END*
[from data line 1144]
 23.7379,    6.149, 11 May 2008, 23:04:59
 23.7391,    6.429, 11 May 2008, 23:09:59
 23.7413,    6.134, 11 May 2008, 23:14:59
 23.7402,    5.942, 11 May 2008, 23:19:59
 23.7407,    6.386, 11 May 2008, 23:24:59
 23.7425,    6.135, 11 May 2008, 23:29:59
 23.7434,    6.083, 11 May 2008, 23:34:59
 23.7449,    6.181, 11 May 2008, 23:39:59
 23.7460,    6.090, 11 May 2008, 23:44:59
 23.7475,    6.215, 11 May 2008, 23:49:59
 23.7458,    6.284, 11 May 2008, 23:54:59
 23.7469,    6.361, 11 May 2008, 23:59:59
 23.7445,    6.195, 12 May 2008, 00:04:59
 23.7433,    6.226, 12 May 2008, 00:09:59
 23.7446,    6.394, 12 May 2008, 00:14:59
 23.7443,    6.347, 12 May 2008, 00:19:59
 23.7426,    6.208, 12 May 2008, 00:24:59
 23.7438,    6.491, 12 May 2008, 00:29:59
 23.7467,    6.326, 12 May 2008, 00:34:59
 23.7491,    6.480, 12 May 2008, 00:39:59
 23.7466,    6.197, 12 May 2008, 00:44:59
 23.7465,    6.316, 12 May 2008, 00:49:59
 23.7476,    6.509, 12 May 2008, 00:54:59
 23.7477,    6.488, 12 May 2008, 00:59:59
 23.7461,    6.794, 12 May 2008, 01:04:59
 23.7458,    6.347, 12 May 2008, 01:09:59
 23.7464,    6.727, 12 May 2008, 01:14:59
 23.7476,    6.694, 12 May 2008, 01:19:59
 23.7476,    6.723, 12 May 2008, 01:24:59
 23.7456,    6.604, 12 May 2008, 01:29:59
 23.7460,    6.859, 12 May 2008, 01:34:59
 23.7392,    6.744, 12 May 2008, 01:39:59
 23.7373,    6.634, 12 May 2008, 01:44:59
 23.7495,    6.691, 12 May 2008, 01:49:59
 23.7509,    6.787, 12 May 2008, 01:54:59
 23.7618,    6.808, 12 May 2008, 01:59:59
 23.7622,    6.904, 12 May 2008, 02:04:59
 23.7652,    6.893, 12 May 2008, 02:09:59
 23.7822,    6.866, 12 May 2008, 02:14:59
 23.7903,    6.904, 12 May 2008, 02:19:59
 23.8076,    6.954, 12 May 2008, 02:24:59
 23.8150,    6.893, 12 May 2008, 02:29:59
 23.8329,    7.171, 12 May 2008, 02:34:59
 23.8465,    7.076, 12 May 2008, 02:39:59
 23.8368,    7.290, 12 May 2008, 02:44:59
 23.8659,    7.224, 12 May 2008, 02:49:59
 23.8807,    7.136, 12 May 2008, 02:54:59
 23.8892,    7.294, 12 May 2008, 02:59:59
 23.8917,    7.249, 12 May 2008, 03:04:59
 23.9024,    7.385, 12 May 2008, 03:09:59
 23.8996,    7.299, 12 May 2008, 03:14:59
 23.8934,    7.142, 12 May 2008, 03:19:59
 23.8982,    7.421, 12 May 2008, 03:24:59
 23.9012,    7.421, 12 May 2008, 03:29:59
 23.9048,    7.463, 12 May 2008, 03:34:59
 23.8971,    7.399, 12 May 2008, 03:39:59
 23.8886,    7.189, 12 May 2008, 03:44:59
 23.8706,    7.400, 12 May 2008, 03:49:59
 23.8651,    7.335, 12 May 2008, 03:54:59
 23.8575,    7.565, 12 May 2008, 03:59:59
 23.8626,    7.322, 12 May 2008, 04:04:59
 23.8655,    7.251, 12 May 2008, 04:09:59
 23.8494,    7.433, 12 May 2008, 04:14:59
 23.8375,    7.225, 12 May 2008, 04:19:59
 23.8275,    7.189, 12 May 2008, 04:24:59
 23.8773,    7.472, 12 May 2008, 04:29:59
 23.9117,    7.531, 12 May 2008, 04:34:59
 23.9095,    7.543, 12 May 2008, 04:39:59
 23.9219,    7.418, 12 May 2008, 04:44:59
 23.9218,    7.603, 12 May 2008, 04:49:59
 23.9237,    7.283, 12 May 2008, 04:54:59
 23.9262,    7.378, 12 May 2008, 04:59:59
 23.9244,    7.393, 12 May 2008, 05:04:59
 23.9238,    7.514, 12 May 2008, 05:09:59
 23.9204,    7.276, 12 May 2008, 05:14:59
 23.9188,    7.528, 12 May 2008, 05:19:59
 23.9099,    7.207, 12 May 2008, 05:24:59
 23.9114,    7.446, 12 May 2008, 05:29:59
 23.9063,    7.183, 12 May 2008, 05:34:59
 23.9067,    7.394, 12 May 2008, 05:39:59
 23.8969,    7.286, 12 May 2008, 05:44:59
 23.8993,    7.365, 12 May 2008, 05:49:59
 23.9014,    7.210, 12 May 2008, 05:54:59
 23.9000,    7.107, 12 May 2008, 05:59:59
 23.8926,    7.240, 12 May 2008, 06:04:59
 23.8872,    7.179, 12 May 2008, 06:09:59
 23.8867,    7.363, 12 May 2008, 06:14:59
 23.8792,    7.386, 12 May 2008, 06:19:59
 23.8805,    7.165, 12 May 2008, 06:24:59
 23.8762,    7.175, 12 May 2008, 06:29:59
 23.8730,    7.340, 12 May 2008, 06:34:59
 23.8724,    7.048, 12 May 2008, 06:39:59
 23.8703,    7.304, 12 May 2008, 06:44:59
 23.8668,    7.025, 12 May 2008, 06:49:59
 23.8637,    6.975, 12 May 2008, 06:54:59
 23.8642,    7.294, 12 May 2008, 06:59:59
 23.8629,    7.026, 12 May 2008, 07:04:59
 23.8599,    7.112, 12 May 2008, 07:09:59
 23.8602,    7.022, 12 May 2008, 07:14:59
 23.8614,    7.046, 12 May 2008, 07:19:59
 23.8587,    7.108, 12 May 2008, 07:24:59
 23.8601,    6.947, 12 May 2008, 07:29:59
 23.8581,    6.969, 12 May 2008, 07:34:59
 23.8601,    7.110, 12 May 2008, 07:39:59
 23.8552,    7.003, 12 May 2008, 07:44:59
 23.8568,    6.936, 12 May 2008, 07:49:59
 23.8508,    7.005, 12 May 2008, 07:54:59
 23.8513,    7.012, 12 May 2008, 07:59:59
 23.8531,    6.841, 12 May 2008, 08:04:59
 23.8500,    6.951, 12 May 2008, 08:09:59
 23.8523,    6.612, 12 May 2008, 08:14:59
 23.8500,    6.830, 12 May 2008, 08:20:00
 23.8478,    6.726, 12 May 2008, 08:25:00
 23.8450,    6.639, 12 May 2008, 08:30:00
 23.8425,    6.804, 12 May 2008, 08:35:00
 23.8435,    6.996, 12 May 2008, 08:40:00
 23.8448,    6.847, 12 May 2008, 08:45:00
 23.8413,    6.629, 12 May 2008, 08:50:00
 23.8361,    6.641, 12 May 2008, 08:55:00
 23.8318,    6.954, 12 May 2008, 09:00:00
 23.8275,    6.679, 12 May 2008, 09:05:00
 23.8213,    6.583, 12 May 2008, 09:10:00
 23.8199,    6.802, 12 May 2008, 09:15:00
 23.8187,    6.841, 12 May 2008, 09:20:00
 23.8117,    6.700, 12 May 2008, 09:25:00
 23.8063,    6.590, 12 May 2008, 09:30:00
 23.8077,    6.702, 12 May 2008, 09:35:00
 23.8064,    6.537, 12 May 2008, 09:40:00
 23.8039,    6.565, 12 May 2008, 09:45:00
 23.7974,    6.587, 12 May 2008, 09:50:00
 23.8005,    6.627, 12 May 2008, 09:55:00
 23.7963,    6.523, 12 May 2008, 10:00:00
 23.7865,    6.607, 12 May 2008, 10:05:00
 23.7753,    6.358, 12 May 2008, 10:10:00
 23.7496,    6.595, 12 May 2008, 10:15:00
 23.7526,    6.411, 12 May 2008, 10:20:00
 23.7532,    6.548, 12 May 2008, 10:25:00
 23.7475,    6.394, 12 May 2008, 10:30:00
 23.7542,    6.498, 12 May 2008, 10:35:00
 23.7522,    6.429, 12 May 2008, 10:40:00
 23.7537,    6.324, 12 May 2008, 10:45:00
 23.7512,    6.363, 12 May 2008, 10:50:00
 23.7515,    6.345, 12 May 2008, 10:55:00
 23.7482,    6.445, 12 May 2008, 11:00:00
 23.7460,    6.324, 12 May 2008, 11:05:00
 23.7473,    6.544, 12 May 2008, 11:10:00
 23.7491,    6.366, 12 May 2008, 11:15:00
 23.7415,    6.308, 12 May 2008, 11:20:00
 23.7402,    6.334, 12 May 2008, 11:25:00
 23.7412,    6.295, 12 May 2008, 11:30:00
 23.7429,    6.576, 12 May 2008, 11:35:00
 23.7420,    6.538, 12 May 2008, 11:40:00
 23.7412,    6.575, 12 May 2008, 11:45:00
 23.7432,    6.401, 12 May 2008, 11:50:00
 23.7453,    6.654, 12 May 2008, 11:55:00
 23.7437,    6.522, 12 May 2008, 12:00:00
 23.7426,    6.530, 12 May 2008, 12:05:00
 23.7423,    6.445, 12 May 2008, 12:10:00
 23.7423,    6.393, 12 May 2008, 12:15:00
 23.7361,    6.683, 12 May 2008, 12:20:00
 23.7372,    6.677, 12 May 2008, 12:25:00
 23.7404,    6.682, 12 May 2008, 12:30:00
 23.7361,    6.822, 12 May 2008, 12:35:00
 23.7407,    6.609, 12 May 2008, 12:40:00
 23.7421,    6.675, 12 May 2008, 12:45:00
 23.7409,    6.476, 12 May 2008, 12:50:00
 23.7403,    6.658, 12 May 2008, 12:55:00
 23.7406,    6.597, 12 May 2008, 13:00:00
 23.7401,    6.725, 12 May 2008, 13:05:00
 23.7370,    6.495, 12 May 2008, 13:10:00
 23.7407,    6.796, 12 May 2008, 13:15:00
 23.7393,    6.855, 12 May 2008, 13:20:00
 23.7430,    6.916, 12 May 2008, 13:25:00
 23.7450,    7.003, 12 May 2008, 13:30:00
 23.7472,    6.851, 12 May 2008, 13:35:00
 23.7524,    6.943, 12 May 2008, 13:40:00
 23.7541,    6.943, 12 May 2008, 13:45:00
 23.7554,    7.112, 12 May 2008, 13:50:00
 23.7556,    7.197, 12 May 2008, 13:55:00
 23.7617,    7.108, 12 May 2008, 14:00:00
 23.7658,    7.313, 12 May 2008, 14:05:00
 23.7657,    7.251, 12 May 2008, 14:10:00
 23.7753,    7.293, 12 May 2008, 14:15:00
 23.7734,    7.435, 12 May 2008, 14:20:00
 23.7769,    7.217, 12 May 2008, 14:25:00
 23.7769,    7.215, 12 May 2008, 14:30:00
 23.7782,    7.500, 12 May 2008, 14:35:00
 23.7793,    7.394, 12 May 2008, 14:40:00
 23.7819,    7.397, 12 May 2008, 14:45:00
 23.7756,    7.527, 12 May 2008, 14:50:00
 23.7833,    7.563, 12 May 2008, 14:55:00
 23.7795,    7.632, 12 May 2008, 15:00:00
 23.7812,    7.607, 12 May 2008, 15:05:00
 23.7838,    7.451, 12 May 2008, 15:10:00
 23.7897,    7.802, 12 May 2008, 15:15:00
 23.7918,    7.816, 12 May 2008, 15:20:00
 23.7893,    7.707, 12 May 2008, 15:25:00
 23.7905,    7.745, 12 May 2008, 15:30:00
 23.7912,    7.743, 12 May 2008, 15:35:00
 23.7896,    7.813, 12 May 2008, 15:40:00
 23.7924,    7.930, 12 May 2008, 15:45:00
 23.7927,    7.809, 12 May 2008, 15:50:00
 23.7931,    7.903, 12 May 2008, 15:55:00
 23.7943,    7.900, 12 May 2008, 16:00:00
 23.7870,    7.892, 12 May 2008, 16:05:00
 23.7921,    7.906, 12 May 2008, 16:10:00
 23.7913,    8.057, 12 May 2008, 16:15:00
 23.7923,    8.093, 12 May 2008, 16:20:00
 23.7885,    8.014, 12 May 2008, 16:25:00
 23.7948,    7.993, 12 May 2008, 16:30:00
 23.8012,    8.013, 12 May 2008, 16:35:00
 23.8037,    8.056, 12 May 2008, 16:40:00
 23.8036,    7.793, 12 May 2008, 16:45:00
 23.8022,    7.999, 12 May 2008, 16:50:00
 23.8039,    7.863, 12 May 2008, 16:55:00
 23.8047,    8.085, 12 May 2008, 17:00:00
 23.8048,    7.754, 12 May 2008, 17:05:00
 23.8073,    7.831, 12 May 2008, 17:10:00
 23.8134,    7.985, 12 May 2008, 17:15:00
 23.8106,    7.996, 12 May 2008, 17:20:00
 23.8101,    7.782, 12 May 2008, 17:25:00
 23.8110,    7.960, 12 May 2008, 17:30:00
 23.8508,    8.013, 12 May 2008, 17:35:00
 23.8705,    7.984, 12 May 2008, 17:40:00
 23.8859,    7.931, 12 May 2008, 17:45:00
 23.9040,    8.121, 12 May 2008, 17:50:00
 23.9059,    7.989, 12 May 2008, 17:55:00
 23.9045,    7.792, 12 May 2008, 18:00:00
 23.9035,    8.032, 12 May 2008, 18:05:00
 23.8983,    7.917, 12 May 2008, 18:10:00
 23.9021,    7.635, 12 May 2008, 18:15:00
 23.8983,    7.827, 12 May 2008, 18:20:00
 23.8952,    7.835, 12 May 2008, 18:25:00
 23.9005,    7.696, 12 May 2008, 18:30:00
 23.9017,    7.617, 12 May 2008, 18:35:00
 23.8930,    7.960, 12 May 2008, 18:40:00
 23.8920,    7.905, 12 May 2008, 18:45:00
 23.8899,    7.792, 12 May 2008, 18:50:00
 23.8879,    7.775, 12 May 2008, 18:55:00
 23.8852,    7.811, 12 May 2008, 19:00:00
 23.9105,    7.643, 12 May 2008, 19:05:00
 23.9114,    7.682, 12 May 2008, 19:10:00
 23.9118,    7.761, 12 May 2008, 19:15:00
 23.9105,    7.575, 12 May 2008, 19:20:00
 23.9022,    7.754, 12 May 2008, 19:25:00
 23.9025,    7.627, 12 May 2008, 19:30:00
 23.8986,    7.542, 12 May 2008, 19:35:00
 23.8966,    7.333, 12 May 2008, 19:40:00
 23.8888,    7.650, 12 May 2008, 19:45:00
 23.8802,    7.681, 12 May 2008, 19:50:00
 23.8787,    7.610, 12 May 2008, 19:55:00
 23.8768,    7.449, 12 May 2008, 20:00:00
 23.8775,    7.560, 12 May 2008, 20:05:00
 23.8746,    7.435, 12 May 2008, 20:10:00
 23.8590,    7.443, 12 May 2008, 20:15:00
 23.8548,    7.503, 12 May 2008, 20:20:00
 23.8321,    7.636, 12 May 2008, 20:25:00
 23.8221,    7.363, 12 May 2008, 20:30:00
 23.8210,    7.353, 12 May 2008, 20:35:00
 23.8215,    7.410, 12 May 2008, 20:40:00
 23.8216,    7.476, 12 May 2008, 20:45:00
 23.8225,    7.458, 12 May 2008, 20:50:00
 23.8183,    7.363, 12 May 2008, 20:55:00
 23.8146,    7.693, 12 May 2008, 21:00:00
 23.8117,    7.414, 12 May 2008, 21:05:00
 23.8076,    7.483, 12 May 2008, 21:10:00
 23.8064,    7.340, 12 May 2008, 21:15:00
 23.7909,    7.378, 12 May 2008, 21:20:00
 23.7630,    7.353, 12 May 2008, 21:25:00
 23.7605,    7.629, 12 May 2008, 21:30:00
 23.7588,    7.401, 12 May 2008, 21:35:00
 23.7592,    7.208, 12 May 2008, 21:40:00
 23.7523,    7.260, 12 May 2008, 21:45:00
 23.7469,    7.552, 12 May 2008, 21:50:00
 23.7428,    7.318, 12 May 2008, 21:55:00
 23.7371,    7.175, 12 May 2008, 22:00:00
 23.7302,    7.115, 12 May 2008, 22:05:00
 23.7314,    7.183, 12 May 2008, 22:10:00
 23.7224,    7.139, 12 May 2008, 22:15:00
 23.7157,    7.026, 12 May 2008, 22:20:00
 23.7014,    6.979, 12 May 2008, 22:25:00
 23.6975,    7.143, 12 May 2008, 22:30:00
 23.6898,    7.122, 12 May 2008, 22:35:00
 23.6907,    6.985, 12 May 2008, 22:40:00
 23.6865,    6.950, 12 May 2008, 22:45:00
 23.6816,    6.807, 12 May 2008, 22:50:00
 23.6769,    6.620, 12 May 2008, 22:55:00
 23.6713,    6.538, 12 May 2008, 23:00:00
 23.6706,    6.725, 12 May 2008, 23:05:00
 23.6711,    6.609, 12 May 2008, 23:10:00
 23.6729,    6.740, 12 May 2008, 23:15:00
 23.6731,    6.494, 12 May 2008, 23:20:00
 23.6734,    6.512, 12 May 2008, 23:25:00
 23.6746,    6.554, 12 May 2008, 23:30:00
 23.6755,    6.210, 12 May 2008, 23:35:00
 23.6768,    6.379, 12 May 2008, 23:40:00
 23.6823,    6.241, 12 May 2008, 23:45:00
 23.6921,    6.399, 12 May 2008, 23:50:00
 23.6996,    6.388, 12 May 2008, 23:55:00
 23.7046,    6.326, 13 May 2008, 00:00:00
 23.7055,    6.190, 13 May 2008, 00:05:00
 23.7198,    6.204, 13 May 2008, 00:10:00
 23.7183,    6.116, 13 May 2008, 00:15:00
 23.7224,    6.122, 13 May 2008, 00:20:00
 23.7315,    6.199, 13 May 2008, 00:25:00
 23.7378,    6.224, 13 May 2008, 00:30:00
 23.7308,    6.101, 13 May 2008, 00:35:00
 23.7323,    6.295, 13 May 2008, 00:40:00
 23.7338,    6.277, 13 May 2008, 00:45:00
 23.7294,    6.259, 13 May 2008, 00:50:00
 23.7400,    6.295, 13 May 2008, 00:55:00
 23.7355,    6.319, 13 May 2008, 01:00:00
 23.7391,    6.181, 13 May 2008, 01:05:00
 23.7354,    6.192, 13 May 2008, 01:10:00
 23.7448,    6.344, 13 May 2008, 01:15:00
 23.7451,    6.261, 13 May 2008, 01:20:00
 23.7454,    6.394, 13 May 2008, 01:25:00
 23.7406,    6.347, 13 May 2008, 01:30:00
 23.7468,    6.374, 13 May 2008, 01:35:00
 23.7474,    6.301, 13 May 2008, 01:40:00
 23.7480,    6.526, 13 May 2008, 01:45:00
 23.7365,    6.447, 13 May 2008, 01:50:00
 23.7512,    6.404, 13 May 2008, 01:55:00
 23.7450,    6.237, 13 May 2008, 02:00:00
 23.7479,    6.562, 13 May 2008, 02:05:00
 23.7567,    6.548, 13 May 2008, 02:10:00
 23.7603,    6.411, 13 May 2008, 02:15:00
 23.7615,    6.490, 13 May 2008, 02:20:00
 23.7645,    6.641, 13 May 2008, 02:25:00
 23.7603,    6.665, 13 May 2008, 02:30:00
 23.7645,    6.705, 13 May 2008, 02:35:00
 23.7657,    6.786, 13 May 2008, 02:40:00
 23.7797,    6.734, 13 May 2008, 02:45:00
 23.7975,    6.709, 13 May 2008, 02:50:00
 23.7983,    6.955, 13 May 2008, 02:55:00
 23.8043,    6.997, 13 May 2008, 03:00:00
 23.8021,    7.028, 13 May 2008, 03:05:00
 23.8033,    7.117, 13 May 2008, 03:10:00
 23.8054,    7.171, 13 May 2008, 03:15:00
 23.8056,    7.185, 13 May 2008, 03:20:00
 23.8079,    7.226, 13 May 2008, 03:25:00
 23.8077,    7.174, 13 May 2008, 03:30:00
 23.8261,    7.321, 13 May 2008, 03:35:00
 23.8216,    7.329, 13 May 2008, 03:40:00
 23.8253,    7.249, 13 May 2008, 03:45:00
 23.8343,    7.331, 13 May 2008, 03:50:00
 23.8381,    7.296, 13 May 2008, 03:55:00
 23.8349,    7.228, 13 May 2008, 04:00:00
 23.8322,    7.318, 13 May 2008, 04:05:00
 23.8357,    7.446, 13 May 2008, 04:10:00
 23.8315,    7.392, 13 May 2008, 04:15:00
 23.8356,    7.399, 13 May 2008, 04:20:00
 23.8403,    7.640, 13 May 2008, 04:25:00
 23.8424,    7.397, 13 May 2008, 04:30:00
 23.8347,    7.424, 13 May 2008, 04:35:00
 23.8359,    7.513, 13 May 2008, 04:40:00
 23.8341,    7.710, 13 May 2008, 04:45:00
 23.8426,    7.638, 13 May 2008, 04:50:00
 23.8383,    7.563, 13 May 2008, 04:55:00
 23.8257,    7.539, 13 May 2008, 05:00:00
 23.8162,    7.646, 13 May 2008, 05:05:00
 23.8099,    7.859, 13 May 2008, 05:10:00
 23.8213,    7.690, 13 May 2008, 05:15:00
 23.8145,    7.607, 13 May 2008, 05:20:00
 23.8100,    7.820, 13 May 2008, 05:25:00
 23.8079,    7.657, 13 May 2008, 05:30:00
 23.8093,    7.672, 13 May 2008, 05:35:00
 23.8107,    7.513, 13 May 2008, 05:40:00
 23.8189,    7.538, 13 May 2008, 05:45:00
 23.8329,    7.713, 13 May 2008, 05:50:00
 23.8330,    7.609, 13 May 2008, 05:55:00
 23.8352,    7.697, 13 May 2008, 06:00:00
 23.8372,    7.665, 13 May 2008, 06:04:59
 23.8327,    7.564, 13 May 2008, 06:09:59
 23.8312,    7.571, 13 May 2008, 06:14:59
 23.8375,    7.525, 13 May 2008, 06:19:59
 23.8386,    7.553, 13 May 2008, 06:24:59
 23.8416,    7.793, 13 May 2008, 06:29:59
 23.8441,    7.588, 13 May 2008, 06:34:59
 23.8438,    7.596, 13 May 2008, 06:39:59
