trunk/Tests/sample_data/SBE39_sample_data.asc
* Sea-Bird SBE39 Data File:
* FileName = C:\Field\Seabird\Data\0761008.asc
* Software Version 1.59
* Temperature SN = 
* Conductivity SN = 
* System UpLoad Time = Oct 25 2008 23:51:24
* ds
* SBE39 V 1.6  SERIAL NO. 0760    25 Oct 2008  23:51:01
*END*
[from data line 14097]
 22.2166,    6.347, 25 Jun 2008, 22:29:59
 22.2184,    6.383, 25 Jun 2008, 22:34:59
 22.2166,    6.301, 25 Jun 2008, 22:39:59
 22.2174,    6.103, 25 Jun 2008, 22:44:59
 22.2182,    6.377, 25 Jun 2008, 22:49:59
 22.2116,    6.438, 25 Jun 2008, 22:54:59
 22.2168,    6.445, 25 Jun 2008, 22:59:59
 22.2148,    6.515, 25 Jun 2008, 23:04:59
 22.2115,    6.358, 25 Jun 2008, 23:09:59
 22.2159,    6.419, 25 Jun 2008, 23:14:59
 22.2098,    6.381, 25 Jun 2008, 23:19:59
 22.2079,    6.429, 25 Jun 2008, 23:24:59
 22.2035,    6.384, 25 Jun 2008, 23:29:59
 22.2027,    6.415, 25 Jun 2008, 23:34:59
 22.2053,    6.643, 25 Jun 2008, 23:39:59
 22.2065,    6.526, 25 Jun 2008, 23:44:59
 22.2094,    6.725, 25 Jun 2008, 23:49:59
 22.2154,    6.743, 25 Jun 2008, 23:54:59
 22.2167,    6.682, 25 Jun 2008, 23:59:59
 22.2504,    6.784, 26 Jun 2008, 00:04:59
 22.2554,    6.721, 26 Jun 2008, 00:09:59
 22.2617,    6.853, 26 Jun 2008, 00:14:59
 22.2735,    6.740, 26 Jun 2008, 00:19:59
 22.2767,    6.757, 26 Jun 2008, 00:24:59
 22.2906,    6.968, 26 Jun 2008, 00:29:59
 22.2924,    7.039, 26 Jun 2008, 00:34:59
 22.2917,    6.894, 26 Jun 2008, 00:39:59
 22.2903,    7.062, 26 Jun 2008, 00:44:59
 22.3013,    6.989, 26 Jun 2008, 00:49:59
 22.3069,    7.164, 26 Jun 2008, 00:54:59
 22.3305,    7.089, 26 Jun 2008, 00:59:59
 22.3316,    6.909, 26 Jun 2008, 01:04:59
 22.3439,    7.154, 26 Jun 2008, 01:09:59
 22.3331,    7.092, 26 Jun 2008, 01:14:59
 22.3435,    7.294, 26 Jun 2008, 01:19:59
 22.3376,    7.339, 26 Jun 2008, 01:24:59
 22.3384,    7.333, 26 Jun 2008, 01:29:59
 22.3395,    7.513, 26 Jun 2008, 01:34:59
 22.3437,    7.319, 26 Jun 2008, 01:39:59
 22.3507,    7.390, 26 Jun 2008, 01:44:59
 22.3785,    7.268, 26 Jun 2008, 01:49:59
 22.3702,    7.338, 26 Jun 2008, 01:54:59
 22.3716,    7.506, 26 Jun 2008, 01:59:59
 22.3844,    7.574, 26 Jun 2008, 02:04:59
 22.3782,    7.422, 26 Jun 2008, 02:09:59
 22.3796,    7.415, 26 Jun 2008, 02:14:59
 22.3777,    7.590, 26 Jun 2008, 02:19:59
 22.3809,    7.374, 26 Jun 2008, 02:24:59
 22.3825,    7.475, 26 Jun 2008, 02:29:59
 22.3918,    7.431, 26 Jun 2008, 02:34:59
 22.4006,    7.540, 26 Jun 2008, 02:39:59
 22.3962,    7.638, 26 Jun 2008, 02:44:59
 22.4079,    7.561, 26 Jun 2008, 02:49:59
 22.4172,    7.599, 26 Jun 2008, 02:54:59
 22.4207,    7.563, 26 Jun 2008, 02:59:59
 22.4280,    7.572, 26 Jun 2008, 03:04:59
 22.4298,    7.614, 26 Jun 2008, 03:09:59
 22.4364,    7.593, 26 Jun 2008, 03:14:59
 22.4270,    7.700, 26 Jun 2008, 03:19:59
 22.4270,    7.563, 26 Jun 2008, 03:24:59
 22.4325,    7.746, 26 Jun 2008, 03:29:59
 22.4289,    7.603, 26 Jun 2008, 03:34:59
 22.4339,    7.499, 26 Jun 2008, 03:39:59
 22.4287,    7.475, 26 Jun 2008, 03:44:59
 22.4431,    7.474, 26 Jun 2008, 03:49:59
 22.4353,    7.565, 26 Jun 2008, 03:54:59
 22.4352,    7.418, 26 Jun 2008, 03:59:59
 22.4422,    7.717, 26 Jun 2008, 04:04:59
 22.4474,    7.752, 26 Jun 2008, 04:09:59
 22.4413,    7.618, 26 Jun 2008, 04:14:59
 22.4389,    7.593, 26 Jun 2008, 04:19:59
 22.4484,    7.547, 26 Jun 2008, 04:24:59
 22.4637,    7.500, 26 Jun 2008, 04:29:59
 22.4644,    7.642, 26 Jun 2008, 04:34:59
 22.4523,    7.511, 26 Jun 2008, 04:39:59
 22.4467,    7.564, 26 Jun 2008, 04:44:59
 22.4477,    7.508, 26 Jun 2008, 04:49:59
 22.4369,    7.336, 26 Jun 2008, 04:54:59
 22.4318,    7.588, 26 Jun 2008, 04:59:59
 22.4319,    7.338, 26 Jun 2008, 05:04:59
 22.4381,    7.460, 26 Jun 2008, 05:09:59
 22.4378,    7.489, 26 Jun 2008, 05:14:59
 22.4337,    7.490, 26 Jun 2008, 05:19:59
 22.4347,    7.472, 26 Jun 2008, 05:24:59
 22.4338,    7.472, 26 Jun 2008, 05:29:59
 22.4292,    7.474, 26 Jun 2008, 05:34:59
 22.4365,    7.408, 26 Jun 2008, 05:39:59
 22.4358,    7.365, 26 Jun 2008, 05:44:59
 22.4364,    7.279, 26 Jun 2008, 05:49:59
 22.4371,    7.244, 26 Jun 2008, 05:54:59
 22.4423,    7.388, 26 Jun 2008, 05:59:59
 22.4435,    7.445, 26 Jun 2008, 06:04:59
 22.4424,    7.385, 26 Jun 2008, 06:09:59
 22.4423,    7.365, 26 Jun 2008, 06:14:59
 22.4445,    7.197, 26 Jun 2008, 06:19:59
 22.4464,    7.420, 26 Jun 2008, 06:24:59
 22.4491,    7.258, 26 Jun 2008, 06:29:59
 22.4467,    7.210, 26 Jun 2008, 06:34:59
 22.4469,    7.200, 26 Jun 2008, 06:39:59
 22.4470,    7.176, 26 Jun 2008, 06:45:00
 22.4448,    7.276, 26 Jun 2008, 06:50:00
 22.4453,    7.110, 26 Jun 2008, 06:55:00
 22.4446,    7.219, 26 Jun 2008, 07:00:00
 22.4417,    7.139, 26 Jun 2008, 07:05:00
 22.4453,    7.003, 26 Jun 2008, 07:10:00
 22.4463,    7.133, 26 Jun 2008, 07:15:00
 22.4453,    6.989, 26 Jun 2008, 07:20:00
 22.4378,    6.991, 26 Jun 2008, 07:25:00
 22.4350,    6.947, 26 Jun 2008, 07:30:00
 22.4356,    7.051, 26 Jun 2008, 07:35:00
 22.4347,    7.143, 26 Jun 2008, 07:40:00
 22.4316,    6.930, 26 Jun 2008, 07:45:00
 22.4331,    6.791, 26 Jun 2008, 07:50:00
 22.4302,    6.880, 26 Jun 2008, 07:55:00
 22.4245,    6.823, 26 Jun 2008, 08:00:00
 22.4251,    6.991, 26 Jun 2008, 08:05:00
 22.4175,    6.990, 26 Jun 2008, 08:10:00
 22.4156,    6.858, 26 Jun 2008, 08:15:00
 22.4176,    7.061, 26 Jun 2008, 08:20:00
 22.4142,    6.890, 26 Jun 2008, 08:25:00
 22.4142,    6.865, 26 Jun 2008, 08:30:00
 22.4115,    6.944, 26 Jun 2008, 08:35:00
 22.4027,    6.948, 26 Jun 2008, 08:40:00
 22.4018,    6.766, 26 Jun 2008, 08:45:00
 22.4016,    6.693, 26 Jun 2008, 08:50:00
 22.3998,    6.829, 26 Jun 2008, 08:55:00
 22.3975,    6.746, 26 Jun 2008, 09:00:00
 22.3946,    6.640, 26 Jun 2008, 09:05:00
 22.3923,    6.673, 26 Jun 2008, 09:10:00
 22.3933,    6.868, 26 Jun 2008, 09:15:00
 22.3871,    6.811, 26 Jun 2008, 09:20:00
 22.3885,    6.659, 26 Jun 2008, 09:25:00
 22.3827,    6.789, 26 Jun 2008, 09:30:00
 22.3819,    6.680, 26 Jun 2008, 09:35:00
 22.3758,    6.654, 26 Jun 2008, 09:40:00
 22.3738,    6.748, 26 Jun 2008, 09:45:00
 22.3719,    6.540, 26 Jun 2008, 09:50:00
 22.3666,    6.573, 26 Jun 2008, 09:55:00
 22.3662,    6.630, 26 Jun 2008, 10:00:00
 22.3639,    6.741, 26 Jun 2008, 10:05:00
 22.3671,    6.796, 26 Jun 2008, 10:10:00
 22.3628,    6.698, 26 Jun 2008, 10:15:00
 22.3625,    6.636, 26 Jun 2008, 10:20:00
 22.3608,    6.648, 26 Jun 2008, 10:25:00
 22.3620,    6.598, 26 Jun 2008, 10:30:00
 22.3569,    6.622, 26 Jun 2008, 10:35:00
 22.3591,    6.547, 26 Jun 2008, 10:40:00
 22.3544,    6.481, 26 Jun 2008, 10:45:00
 22.3560,    6.751, 26 Jun 2008, 10:50:00
 22.3576,    6.627, 26 Jun 2008, 10:55:00
 22.3546,    6.826, 26 Jun 2008, 11:00:00
 22.3558,    6.797, 26 Jun 2008, 11:05:00
 22.3546,    6.794, 26 Jun 2008, 11:10:00
 22.3536,    6.734, 26 Jun 2008, 11:15:00
 22.3502,    6.741, 26 Jun 2008, 11:20:00
 22.3477,    6.722, 26 Jun 2008, 11:25:00
 22.3456,    6.918, 26 Jun 2008, 11:30:00
 22.3440,    6.893, 26 Jun 2008, 11:35:00
 22.3474,    6.847, 26 Jun 2008, 11:40:00
 22.3478,    6.645, 26 Jun 2008, 11:45:00
 22.3429,    6.905, 26 Jun 2008, 11:50:00
 22.3434,    6.752, 26 Jun 2008, 11:55:00
 22.3429,    6.697, 26 Jun 2008, 12:00:00
 22.3493,    6.762, 26 Jun 2008, 12:05:00
 22.3474,    6.928, 26 Jun 2008, 12:10:00
 22.3473,    6.923, 26 Jun 2008, 12:15:00
 22.3461,    6.979, 26 Jun 2008, 12:20:00
 22.3480,    6.957, 26 Jun 2008, 12:25:00
 22.3461,    7.211, 26 Jun 2008, 12:30:00
 22.3449,    7.101, 26 Jun 2008, 12:35:00
 22.3481,    7.111, 26 Jun 2008, 12:40:00
 22.3473,    7.114, 26 Jun 2008, 12:45:00
 22.3410,    7.158, 26 Jun 2008, 12:50:00
 22.3374,    7.008, 26 Jun 2008, 12:55:00
 22.3257,    7.147, 26 Jun 2008, 13:00:00
 22.3306,    7.104, 26 Jun 2008, 13:05:00
 22.3294,    7.292, 26 Jun 2008, 13:10:00
 22.3298,    7.318, 26 Jun 2008, 13:15:00
 22.3375,    7.240, 26 Jun 2008, 13:20:00
 22.3427,    7.329, 26 Jun 2008, 13:25:00
 22.3507,    7.382, 26 Jun 2008, 13:30:00
 22.3555,    7.379, 26 Jun 2008, 13:35:00
 22.3535,    7.315, 26 Jun 2008, 13:40:00
 22.3487,    7.286, 26 Jun 2008, 13:45:00
 22.3580,    7.264, 26 Jun 2008, 13:50:00
 22.3587,    7.393, 26 Jun 2008, 13:55:00
 22.3631,    7.522, 26 Jun 2008, 14:00:00
 22.3588,    7.532, 26 Jun 2008, 14:05:00
 22.3555,    7.432, 26 Jun 2008, 14:10:00
 22.3611,    7.421, 26 Jun 2008, 14:15:00
 22.3587,    7.557, 26 Jun 2008, 14:20:00
 22.3503,    7.650, 26 Jun 2008, 14:25:00
 22.3488,    7.564, 26 Jun 2008, 14:30:00
 22.3464,    7.574, 26 Jun 2008, 14:35:00
 22.3430,    7.725, 26 Jun 2008, 14:40:00
 22.3441,    7.778, 26 Jun 2008, 14:45:00
 22.3429,    7.849, 26 Jun 2008, 14:50:00
 22.3522,    7.592, 26 Jun 2008, 14:55:00
 22.3557,    7.635, 26 Jun 2008, 15:00:00
 22.3516,    7.747, 26 Jun 2008, 15:05:00
 22.3513,    7.728, 26 Jun 2008, 15:10:00
 22.3518,    7.917, 26 Jun 2008, 15:15:00
 22.3492,    7.754, 26 Jun 2008, 15:20:00
 22.3524,    7.874, 26 Jun 2008, 15:25:00
 22.3525,    7.856, 26 Jun 2008, 15:30:00
 22.3560,    7.645, 26 Jun 2008, 15:35:00
 22.3562,    7.852, 26 Jun 2008, 15:40:00
 22.3574,    7.797, 26 Jun 2008, 15:45:00
 22.3585,    7.804, 26 Jun 2008, 15:50:00
 22.3600,    7.834, 26 Jun 2008, 15:55:00
 22.3626,    7.692, 26 Jun 2008, 16:00:00
 22.3618,    7.714, 26 Jun 2008, 16:05:00
 22.3653,    7.756, 26 Jun 2008, 16:10:00
 22.3622,    7.791, 26 Jun 2008, 16:15:00
 22.3600,    7.829, 26 Jun 2008, 16:20:00
 22.3604,    7.879, 26 Jun 2008, 16:25:00
 22.3572,    7.825, 26 Jun 2008, 16:30:00
 22.3540,    7.749, 26 Jun 2008, 16:35:00
 22.3476,    7.771, 26 Jun 2008, 16:40:00
 22.3580,    7.920, 26 Jun 2008, 16:45:00
 22.3607,    7.813, 26 Jun 2008, 16:50:00
 22.3605,    7.743, 26 Jun 2008, 16:55:00
 22.3602,    7.670, 26 Jun 2008, 17:00:00
 22.3595,    7.784, 26 Jun 2008, 17:05:00
 22.3540,    7.777, 26 Jun 2008, 17:10:00
 22.3528,    7.682, 26 Jun 2008, 17:15:00
 22.3588,    7.588, 26 Jun 2008, 17:20:00
 22.3558,    7.631, 26 Jun 2008, 17:25:00
 22.3607,    7.852, 26 Jun 2008, 17:30:00
 22.3631,    7.741, 26 Jun 2008, 17:35:00
 22.3590,    7.515, 26 Jun 2008, 17:40:00
 22.3560,    7.643, 26 Jun 2008, 17:45:00
 22.3513,    7.607, 26 Jun 2008, 17:50:00
 22.3478,    7.600, 26 Jun 2008, 17:55:00
 22.3421,    7.636, 26 Jun 2008, 18:00:00
 22.3353,    7.470, 26 Jun 2008, 18:05:00
 22.3374,    7.622, 26 Jun 2008, 18:10:00
 22.3354,    7.476, 26 Jun 2008, 18:15:00
 22.3336,    7.659, 26 Jun 2008, 18:20:00
 22.3326,    7.357, 26 Jun 2008, 18:25:00
 22.3305,    7.331, 26 Jun 2008, 18:30:00
 22.3333,    7.549, 26 Jun 2008, 18:35:00
 22.3296,    7.417, 26 Jun 2008, 18:40:00
 22.3270,    7.392, 26 Jun 2008, 18:45:00
 22.3221,    7.600, 26 Jun 2008, 18:49:59
 22.3239,    7.413, 26 Jun 2008, 18:54:59
 22.3279,    7.522, 26 Jun 2008, 18:59:59
 22.3293,    7.440, 26 Jun 2008, 19:04:59
 22.3238,    7.536, 26 Jun 2008, 19:09:59
 22.3181,    7.528, 26 Jun 2008, 19:14:59
 22.3065,    7.522, 26 Jun 2008, 19:19:59
 22.2899,    7.401, 26 Jun 2008, 19:24:59
 22.2856,    7.289, 26 Jun 2008, 19:29:59
 22.2783,    7.465, 26 Jun 2008, 19:34:59
 22.2828,    7.297, 26 Jun 2008, 19:39:59
 22.2806,    7.349, 26 Jun 2008, 19:44:59
 22.2782,    7.435, 26 Jun 2008, 19:49:59
 22.2685,    7.374, 26 Jun 2008, 19:54:59
 22.2622,    7.364, 26 Jun 2008, 19:59:59
 22.2478,    7.214, 26 Jun 2008, 20:04:59
 22.2387,    7.274, 26 Jun 2008, 20:09:59
 22.2220,    7.250, 26 Jun 2008, 20:14:59
 22.2099,    7.178, 26 Jun 2008, 20:19:59
 22.1975,    7.254, 26 Jun 2008, 20:24:59
 22.1843,    7.335, 26 Jun 2008, 20:29:59
 22.1779,    7.276, 26 Jun 2008, 20:34:59
 22.1715,    7.165, 26 Jun 2008, 20:39:59
 22.1643,    6.991, 26 Jun 2008, 20:44:59
 22.1670,    7.087, 26 Jun 2008, 20:49:59
 22.1685,    6.950, 26 Jun 2008, 20:54:59
 22.1668,    7.246, 26 Jun 2008, 20:59:59
 22.1682,    7.186, 26 Jun 2008, 21:04:59
 22.1686,    7.233, 26 Jun 2008, 21:09:59
 22.1726,    6.732, 26 Jun 2008, 21:14:59
 22.1804,    6.993, 26 Jun 2008, 21:19:59
 22.1861,    7.157, 26 Jun 2008, 21:24:59
 22.1902,    6.743, 26 Jun 2008, 21:29:59
 22.1959,    6.686, 26 Jun 2008, 21:34:59
 22.2019,    6.752, 26 Jun 2008, 21:39:59
 22.2045,    6.862, 26 Jun 2008, 21:44:59
 22.2063,    6.708, 26 Jun 2008, 21:49:59
 22.2057,    6.784, 26 Jun 2008, 21:54:59
 22.2044,    6.616, 26 Jun 2008, 21:59:59
 22.2003,    6.611, 26 Jun 2008, 22:04:59
 22.1962,    6.658, 26 Jun 2008, 22:09:59
 22.2000,    6.406, 26 Jun 2008, 22:14:59
 22.2013,    6.404, 26 Jun 2008, 22:19:59
 22.1988,    6.383, 26 Jun 2008, 22:24:59
 22.1971,    6.405, 26 Jun 2008, 22:29:59
 22.1952,    6.295, 26 Jun 2008, 22:34:59
 22.1901,    6.272, 26 Jun 2008, 22:39:59
 22.1944,    6.356, 26 Jun 2008, 22:44:59
 22.1975,    6.309, 26 Jun 2008, 22:49:59
 22.1913,    6.323, 26 Jun 2008, 22:54:59
 22.2007,    6.202, 26 Jun 2008, 22:59:59
 22.1977,    6.322, 26 Jun 2008, 23:04:59
 22.1972,    6.301, 26 Jun 2008, 23:09:59
 22.1960,    6.413, 26 Jun 2008, 23:14:59
 22.1956,    6.226, 26 Jun 2008, 23:19:59
 22.1957,    6.397, 26 Jun 2008, 23:24:59
 22.1938,    6.188, 26 Jun 2008, 23:29:59
 22.1925,    6.076, 26 Jun 2008, 23:34:59
 22.1837,    6.184, 26 Jun 2008, 23:39:59
 22.1783,    6.347, 26 Jun 2008, 23:44:59
 22.1707,    6.336, 26 Jun 2008, 23:49:59
 22.1774,    6.242, 26 Jun 2008, 23:54:59
 22.1707,    6.423, 26 Jun 2008, 23:59:59
 22.1664,    6.536, 27 Jun 2008, 00:04:59
 22.1650,    6.151, 27 Jun 2008, 00:09:59
 22.1642,    6.369, 27 Jun 2008, 00:14:59
 22.1631,    6.299, 27 Jun 2008, 00:19:59
 22.1711,    6.281, 27 Jun 2008, 00:24:59
 22.1673,    6.430, 27 Jun 2008, 00:29:59
 22.1696,    6.548, 27 Jun 2008, 00:34:59
 22.1782,    6.559, 27 Jun 2008, 00:39:59
 22.1795,    6.573, 27 Jun 2008, 00:44:59
 22.1753,    6.583, 27 Jun 2008, 00:49:59
 22.1796,    6.558, 27 Jun 2008, 00:54:59
 22.1836,    6.519, 27 Jun 2008, 00:59:59
 22.1861,    6.666, 27 Jun 2008, 01:04:59
 22.1982,    6.608, 27 Jun 2008, 01:09:59
 22.1967,    6.559, 27 Jun 2008, 01:14:59
 22.1989,    6.887, 27 Jun 2008, 01:19:59
 22.2023,    7.047, 27 Jun 2008, 01:24:59
 22.2092,    6.846, 27 Jun 2008, 01:29:59
 22.2044,    6.859, 27 Jun 2008, 01:34:59
 22.2048,    7.118, 27 Jun 2008, 01:39:59
 22.1998,    7.073, 27 Jun 2008, 01:44:59
 22.2017,    7.087, 27 Jun 2008, 01:49:59
 22.2055,    7.023, 27 Jun 2008, 01:54:59
 22.2064,    7.001, 27 Jun 2008, 01:59:59
 22.2135,    7.260, 27 Jun 2008, 02:04:59
 22.2190,    7.190, 27 Jun 2008, 02:09:59
 22.2471,    7.244, 27 Jun 2008, 02:14:59
 22.2625,    7.393, 27 Jun 2008, 02:19:59
 22.2747,    7.378, 27 Jun 2008, 02:24:59
 22.2614,    7.420, 27 Jun 2008, 02:29:59
 22.2707,    7.439, 27 Jun 2008, 02:34:59
 22.2713,    7.268, 27 Jun 2008, 02:39:59
 22.2723,    7.504, 27 Jun 2008, 02:44:59
 22.2760,    7.657, 27 Jun 2008, 02:49:59
 22.2861,    7.336, 27 Jun 2008, 02:54:59
 22.2685,    7.556, 27 Jun 2008, 02:59:59
 22.2461,    7.600, 27 Jun 2008, 03:04:59
 22.2392,    7.609, 27 Jun 2008, 03:09:59
 22.2414,    7.642, 27 Jun 2008, 03:14:59
 22.2603,    7.738, 27 Jun 2008, 03:19:59
 22.2793,    7.625, 27 Jun 2008, 03:24:59
 22.3069,    7.713, 27 Jun 2008, 03:29:59
 22.3181,    7.718, 27 Jun 2008, 03:34:59
 22.3318,    7.907, 27 Jun 2008, 03:39:59
 22.3385,    7.818, 27 Jun 2008, 03:44:59
 22.3424,    8.046, 27 Jun 2008, 03:49:59
 22.3485,    7.688, 27 Jun 2008, 03:54:59
 22.3566,    7.620, 27 Jun 2008, 03:59:59
 22.3608,    7.841, 27 Jun 2008, 04:04:59
 22.3607,    7.957, 27 Jun 2008, 04:09:59
 22.3688,    7.856, 27 Jun 2008, 04:14:59
 22.3682,    7.864, 27 Jun 2008, 04:19:59
 22.3703,    7.942, 27 Jun 2008, 04:24:59
 22.3724,    7.885, 27 Jun 2008, 04:29:59
 22.3759,    7.786, 27 Jun 2008, 04:34:59
 22.3674,    7.964, 27 Jun 2008, 04:39:59
 22.3707,    7.893, 27 Jun 2008, 04:44:59
 22.3729,    7.877, 27 Jun 2008, 04:49:59
 22.3719,    7.732, 27 Jun 2008, 04:54:59
 22.3721,    7.738, 27 Jun 2008, 04:59:59
 22.3687,    7.707, 27 Jun 2008, 05:04:59
 22.3738,    7.702, 27 Jun 2008, 05:09:59
 22.3809,    7.857, 27 Jun 2008, 05:14:59
 22.3731,    7.818, 27 Jun 2008, 05:19:59
 22.3738,    7.684, 27 Jun 2008, 05:24:59
 22.3709,    7.642, 27 Jun 2008, 05:29:59
 22.3712,    7.828, 27 Jun 2008, 05:34:59
 22.3705,    7.856, 27 Jun 2008, 05:39:59
 22.3707,    7.720, 27 Jun 2008, 05:44:59
 22.3733,    7.696, 27 Jun 2008, 05:49:59
 22.3708,    7.572, 27 Jun 2008, 05:54:59
 22.3721,    7.671, 27 Jun 2008, 05:59:59
 22.3694,    7.657, 27 Jun 2008, 06:04:59
