trunk/Tests/sample_data/SBE39_sample_data.asc
* Sea-Bird SBE39 Data File:
* FileName = C:\Field\Seabird\Data\0761008.asc
* Software Version 1.59
* Temperature SN = 
* Conductivity SN = 
* System UpLoad Time = Oct 25 2008 23:51:24
* ds
* SBE39 V 1.6  SERIAL NO. 0760    25 Oct 2008  23:51:01
*END*
[from data line 41906]
 23.5624,    6.737, 30 Sep 2008, 11:54:59
 23.5764,    6.743, 30 Sep 2008, 11:59:59
 23.5709,    6.746, 30 Sep 2008, 12:04:59
 23.5637,    6.747, 30 Sep 2008, 12:09:59
 23.5568,    6.748, 30 Sep 2008, 12:14:59
 23.5617,    6.751, 30 Sep 2008, 12:19:59
 23.5613,    6.754, 30 Sep 2008, 12:24:59
 23.5675,    6.757, 30 Sep 2008, 12:29:59
 23.5680,    6.758, 30 Sep 2008, 12:34:59
 23.5671,    6.761, 30 Sep 2008, 12:39:59
 23.5590,    6.764, 30 Sep 2008, 12:44:59
 23.5494,    6.765, 30 Sep 2008, 12:49:59
 23.5384,    6.768, 30 Sep 2008, 12:54:59
 23.5321,    6.769, 30 Sep 2008, 12:59:59
 23.5159,    6.771, 30 Sep 2008, 13:04:59
 23.5059,    6.771, 30 Sep 2008, 13:09:59
 23.4958,    6.773, 30 Sep 2008, 13:14:59
 23.4899,    6.776, 30 Sep 2008, 13:19:59
 23.4839,    6.777, 30 Sep 2008, 13:24:59
 23.4711,    6.779, 30 Sep 2008, 13:29:59
 23.4556,    6.780, 30 Sep 2008, 13:34:59
 23.4400,    6.780, 30 Sep 2008, 13:39:59
 23.4298,    6.782, 30 Sep 2008, 13:44:59
 23.3928,    6.782, 30 Sep 2008, 13:49:59
 23.3676,    6.779, 30 Sep 2008, 13:54:59
 23.3521,    6.780, 30 Sep 2008, 13:59:59
 23.3327,    6.780, 30 Sep 2008, 14:04:59
 23.3328,    6.782, 30 Sep 2008, 14:09:59
 23.3221,    6.783, 30 Sep 2008, 14:14:59
 23.3242,    6.784, 30 Sep 2008, 14:19:59
 23.3103,    6.784, 30 Sep 2008, 14:24:59
 23.2974,    6.784, 30 Sep 2008, 14:29:59
 23.2948,    6.786, 30 Sep 2008, 14:34:59
 23.2878,    6.787, 30 Sep 2008, 14:39:59
 23.2483,    6.784, 30 Sep 2008, 14:44:59
 23.2180,    6.782, 30 Sep 2008, 14:49:59
 23.2188,    6.780, 30 Sep 2008, 14:54:59
 23.2142,    6.782, 30 Sep 2008, 14:59:59
 23.2184,    6.783, 30 Sep 2008, 15:04:59
 23.2026,    6.782, 30 Sep 2008, 15:09:59
 23.1746,    6.779, 30 Sep 2008, 15:14:59
 23.1530,    6.775, 30 Sep 2008, 15:19:59
 23.1374,    6.772, 30 Sep 2008, 15:24:59
 23.1336,    6.771, 30 Sep 2008, 15:29:59
 23.1405,    6.765, 30 Sep 2008, 15:34:59
 23.1216,    6.744, 30 Sep 2008, 15:39:59
 23.1099,    6.698, 30 Sep 2008, 15:44:59
 23.0892,    6.555, 30 Sep 2008, 15:49:59
 23.0781,    6.486, 30 Sep 2008, 15:54:59
 23.0476,    6.454, 30 Sep 2008, 15:59:59
 23.0309,    6.397, 30 Sep 2008, 16:04:59
 23.0235,    6.315, 30 Sep 2008, 16:09:59
 23.0127,    6.261, 30 Sep 2008, 16:14:59
 23.0053,    6.205, 30 Sep 2008, 16:19:59
 22.9914,    6.163, 30 Sep 2008, 16:24:59
 22.9687,    6.123, 30 Sep 2008, 16:29:59
 22.9650,    6.109, 30 Sep 2008, 16:34:59
 22.9629,    6.072, 30 Sep 2008, 16:39:59
 22.9592,    6.056, 30 Sep 2008, 16:45:00
 22.9551,    6.041, 30 Sep 2008, 16:50:00
 22.9614,    6.034, 30 Sep 2008, 16:55:00
 22.9635,    6.027, 30 Sep 2008, 17:00:00
 22.9693,    6.024, 30 Sep 2008, 17:05:00
 22.9702,    6.020, 30 Sep 2008, 17:10:00
 22.9733,    6.019, 30 Sep 2008, 17:15:00
 22.9738,    6.012, 30 Sep 2008, 17:20:00
 22.9821,    6.008, 30 Sep 2008, 17:25:00
 22.9828,    6.006, 30 Sep 2008, 17:30:00
 22.9878,    6.005, 30 Sep 2008, 17:35:00
 22.9758,    6.003, 30 Sep 2008, 17:40:00
 22.9742,    6.003, 30 Sep 2008, 17:45:00
 22.9712,    6.005, 30 Sep 2008, 17:50:00
 22.9659,    6.005, 30 Sep 2008, 17:55:00
 22.9576,    6.005, 30 Sep 2008, 18:00:00
 22.9634,    6.008, 30 Sep 2008, 18:05:00
 22.9727,    6.012, 30 Sep 2008, 18:10:00
 22.9816,    6.016, 30 Sep 2008, 18:15:00
 22.9927,    6.020, 30 Sep 2008, 18:20:00
 22.9985,    6.026, 30 Sep 2008, 18:25:00
 22.9916,    6.028, 30 Sep 2008, 18:30:00
 22.9935,    6.034, 30 Sep 2008, 18:35:00
 23.0003,    6.040, 30 Sep 2008, 18:40:00
 23.0131,    6.047, 30 Sep 2008, 18:45:00
 23.0308,    6.055, 30 Sep 2008, 18:50:00
 23.0493,    6.066, 30 Sep 2008, 18:55:00
 23.0710,    6.078, 30 Sep 2008, 19:00:00
 23.0807,    6.090, 30 Sep 2008, 19:05:00
 23.0942,    6.105, 30 Sep 2008, 19:10:00
 23.1053,    6.122, 30 Sep 2008, 19:15:00
 23.1109,    6.137, 30 Sep 2008, 19:20:00
 23.1183,    6.154, 30 Sep 2008, 19:25:00
 23.1234,    6.170, 30 Sep 2008, 19:30:00
 23.1295,    6.191, 30 Sep 2008, 19:35:00
 23.1330,    6.215, 30 Sep 2008, 19:40:00
 23.1415,    6.236, 30 Sep 2008, 19:45:00
 23.1565,    6.261, 30 Sep 2008, 19:50:00
 23.1833,    6.286, 30 Sep 2008, 19:55:00
 23.2139,    6.309, 30 Sep 2008, 20:00:00
 23.2108,    6.330, 30 Sep 2008, 20:05:00
 23.2282,    6.354, 30 Sep 2008, 20:10:00
 23.2361,    6.377, 30 Sep 2008, 20:15:00
 23.2472,    6.401, 30 Sep 2008, 20:20:00
 23.2918,    6.426, 30 Sep 2008, 20:25:00
 23.3111,    6.454, 30 Sep 2008, 20:30:00
 23.3095,    6.475, 30 Sep 2008, 20:35:00
 23.3033,    6.494, 30 Sep 2008, 20:40:00
 23.3025,    6.512, 30 Sep 2008, 20:45:00
 23.3067,    6.530, 30 Sep 2008, 20:50:00
 23.3243,    6.551, 30 Sep 2008, 20:55:00
 23.3234,    6.569, 30 Sep 2008, 21:00:00
 23.3667,    6.591, 30 Sep 2008, 21:05:00
 23.3579,    6.609, 30 Sep 2008, 21:10:00
 23.3537,    6.625, 30 Sep 2008, 21:15:00
 23.4063,    6.645, 30 Sep 2008, 21:20:00
 23.4086,    6.664, 30 Sep 2008, 21:25:00
 23.3936,    6.676, 30 Sep 2008, 21:30:00
 23.5488,    6.704, 30 Sep 2008, 21:35:00
 23.5998,    6.729, 30 Sep 2008, 21:40:00
 23.6247,    6.747, 30 Sep 2008, 21:45:00
 23.6133,    6.761, 30 Sep 2008, 21:50:00
 23.5645,    6.769, 30 Sep 2008, 21:55:00
 23.5119,    6.771, 30 Sep 2008, 22:00:00
 23.5270,    6.784, 30 Sep 2008, 22:05:00
 23.5964,    6.804, 30 Sep 2008, 22:10:00
 23.6580,    6.822, 30 Sep 2008, 22:15:00
 23.6584,    6.834, 30 Sep 2008, 22:20:00
 23.6853,    6.847, 30 Sep 2008, 22:25:00
 23.7620,    6.864, 30 Sep 2008, 22:30:00
 23.7958,    6.879, 30 Sep 2008, 22:35:00
 23.8001,    6.889, 30 Sep 2008, 22:40:00
 23.8061,    6.897, 30 Sep 2008, 22:45:00
 23.8018,    6.905, 30 Sep 2008, 22:50:00
 23.7799,    6.908, 30 Sep 2008, 22:55:00
 23.7633,    6.912, 30 Sep 2008, 23:00:00
 23.7072,    6.914, 30 Sep 2008, 23:05:00
 23.6829,    6.912, 30 Sep 2008, 23:10:00
 23.6740,    6.915, 30 Sep 2008, 23:15:00
 23.6628,    6.915, 30 Sep 2008, 23:20:00
 23.6895,    6.925, 30 Sep 2008, 23:25:00
 23.7211,    6.933, 30 Sep 2008, 23:30:00
 23.7110,    6.939, 30 Sep 2008, 23:35:00
 23.7144,    6.943, 30 Sep 2008, 23:40:00
 23.6931,    6.947, 30 Sep 2008, 23:45:00
 23.6525,    6.947, 30 Sep 2008, 23:50:00
 23.6289,    6.948, 30 Sep 2008, 23:55:00
 23.6498,    6.953, 01 Oct 2008, 00:00:00
 23.6696,    6.958, 01 Oct 2008, 00:05:00
 23.6662,    6.964, 01 Oct 2008, 00:10:00
 23.6812,    6.969, 01 Oct 2008, 00:15:00
 23.6599,    6.971, 01 Oct 2008, 00:20:00
 23.6592,    6.975, 01 Oct 2008, 00:25:00
 23.6781,    6.979, 01 Oct 2008, 00:30:00
 23.6729,    6.983, 01 Oct 2008, 00:35:00
 23.6768,    6.986, 01 Oct 2008, 00:40:00
 23.6822,    6.991, 01 Oct 2008, 00:45:00
 23.6873,    6.996, 01 Oct 2008, 00:50:00
 23.6887,    7.000, 01 Oct 2008, 00:55:00
 23.6398,    7.000, 01 Oct 2008, 01:00:00
 23.6592,    7.003, 01 Oct 2008, 01:05:00
 23.6631,    7.005, 01 Oct 2008, 01:10:00
 23.6541,    7.012, 01 Oct 2008, 01:15:00
 23.6225,    7.011, 01 Oct 2008, 01:19:59
 23.6429,    7.018, 01 Oct 2008, 01:24:59
 23.6333,    7.023, 01 Oct 2008, 01:29:59
 23.6135,    7.025, 01 Oct 2008, 01:34:59
 23.6197,    7.029, 01 Oct 2008, 01:39:59
 23.6364,    7.035, 01 Oct 2008, 01:44:59
 23.6522,    7.042, 01 Oct 2008, 01:49:59
 23.6161,    7.044, 01 Oct 2008, 01:54:59
 23.6026,    7.046, 01 Oct 2008, 01:59:59
 23.6016,    7.051, 01 Oct 2008, 02:04:59
 23.5914,    7.055, 01 Oct 2008, 02:09:59
 23.5974,    7.061, 01 Oct 2008, 02:14:59
 23.5909,    7.065, 01 Oct 2008, 02:19:59
 23.5813,    7.069, 01 Oct 2008, 02:24:59
 23.5412,    7.071, 01 Oct 2008, 02:29:59
 23.4930,    7.069, 01 Oct 2008, 02:34:59
 23.4394,    7.069, 01 Oct 2008, 02:39:59
 23.4081,    7.069, 01 Oct 2008, 02:44:59
 23.3755,    7.072, 01 Oct 2008, 02:49:59
 23.3670,    7.073, 01 Oct 2008, 02:54:59
 23.3328,    7.075, 01 Oct 2008, 02:59:59
 23.3480,    7.080, 01 Oct 2008, 03:04:59
 23.3361,    7.082, 01 Oct 2008, 03:09:59
 23.3337,    7.087, 01 Oct 2008, 03:14:59
 23.2845,    7.087, 01 Oct 2008, 03:19:59
 23.1517,    7.075, 01 Oct 2008, 03:24:59
 23.0710,    7.068, 01 Oct 2008, 03:29:59
 23.1047,    7.071, 01 Oct 2008, 03:34:59
 23.0810,    7.073, 01 Oct 2008, 03:39:59
 23.0671,    7.075, 01 Oct 2008, 03:44:59
 23.0675,    7.076, 01 Oct 2008, 03:49:59
 23.0945,    7.082, 01 Oct 2008, 03:54:59
 23.0711,    7.079, 01 Oct 2008, 03:59:59
 23.0377,    7.080, 01 Oct 2008, 04:04:59
 23.0175,    7.076, 01 Oct 2008, 04:09:59
 22.9900,    7.073, 01 Oct 2008, 04:14:59
 22.9859,    7.072, 01 Oct 2008, 04:19:59
 22.9973,    7.072, 01 Oct 2008, 04:24:59
 22.9991,    7.071, 01 Oct 2008, 04:29:59
 23.0027,    7.050, 01 Oct 2008, 04:34:59
 23.0167,    6.994, 01 Oct 2008, 04:39:59
 23.0136,    6.953, 01 Oct 2008, 04:44:59
 23.0202,    6.883, 01 Oct 2008, 04:49:59
 23.0271,    6.736, 01 Oct 2008, 04:54:59
 23.1466,    6.593, 01 Oct 2008, 04:59:59
 23.1800,    6.532, 01 Oct 2008, 05:04:59
 23.1945,    6.448, 01 Oct 2008, 05:09:59
 23.1935,    6.420, 01 Oct 2008, 05:14:59
 23.1980,    6.374, 01 Oct 2008, 05:19:59
 23.1889,    6.356, 01 Oct 2008, 05:24:59
 23.1695,    6.313, 01 Oct 2008, 05:29:59
 23.1765,    6.287, 01 Oct 2008, 05:34:59
 23.1824,    6.270, 01 Oct 2008, 05:39:59
 23.1681,    6.245, 01 Oct 2008, 05:44:59
 23.1798,    6.233, 01 Oct 2008, 05:49:59
 23.1598,    6.226, 01 Oct 2008, 05:54:59
 23.1581,    6.224, 01 Oct 2008, 05:59:59
 23.1360,    6.220, 01 Oct 2008, 06:04:59
 23.1377,    6.206, 01 Oct 2008, 06:09:59
 23.1392,    6.195, 01 Oct 2008, 06:14:59
 23.1136,    6.195, 01 Oct 2008, 06:19:59
 23.0959,    6.190, 01 Oct 2008, 06:24:59
 23.0690,    6.190, 01 Oct 2008, 06:29:59
 23.0694,    6.190, 01 Oct 2008, 06:34:59
 23.0710,    6.191, 01 Oct 2008, 06:39:59
 23.0956,    6.195, 01 Oct 2008, 06:44:59
 23.0958,    6.198, 01 Oct 2008, 06:49:59
 23.1023,    6.202, 01 Oct 2008, 06:54:59
 23.1268,    6.206, 01 Oct 2008, 06:59:59
 23.1518,    6.213, 01 Oct 2008, 07:04:59
 23.1675,    6.217, 01 Oct 2008, 07:09:59
 23.1754,    6.223, 01 Oct 2008, 07:14:59
 23.1954,    6.229, 01 Oct 2008, 07:19:59
 23.2250,    6.238, 01 Oct 2008, 07:24:59
 23.2462,    6.248, 01 Oct 2008, 07:29:59
 23.2742,    6.258, 01 Oct 2008, 07:34:59
 23.2802,    6.266, 01 Oct 2008, 07:39:59
 23.2947,    6.274, 01 Oct 2008, 07:44:59
 23.3037,    6.284, 01 Oct 2008, 07:49:59
 23.3102,    6.292, 01 Oct 2008, 07:54:59
 23.3109,    6.299, 01 Oct 2008, 07:59:59
 23.3273,    6.309, 01 Oct 2008, 08:04:59
 23.3489,    6.320, 01 Oct 2008, 08:09:59
 23.3640,    6.331, 01 Oct 2008, 08:14:59
 23.3781,    6.341, 01 Oct 2008, 08:19:59
 23.4074,    6.354, 01 Oct 2008, 08:24:59
 23.4429,    6.368, 01 Oct 2008, 08:29:59
 23.4649,    6.381, 01 Oct 2008, 08:34:59
 23.4877,    6.395, 01 Oct 2008, 08:39:59
 23.5300,    6.411, 01 Oct 2008, 08:44:59
 23.5847,    6.430, 01 Oct 2008, 08:49:59
 23.5788,    6.443, 01 Oct 2008, 08:54:59
 23.5205,    6.448, 01 Oct 2008, 08:59:59
 23.4146,    6.448, 01 Oct 2008, 09:04:59
 23.4012,    6.454, 01 Oct 2008, 09:09:59
 23.3549,    6.456, 01 Oct 2008, 09:14:59
 23.3018,    6.461, 01 Oct 2008, 09:19:59
 23.2826,    6.463, 01 Oct 2008, 09:24:59
 23.2782,    6.473, 01 Oct 2008, 09:29:59
 23.2936,    6.484, 01 Oct 2008, 09:34:59
 23.3490,    6.497, 01 Oct 2008, 09:39:59
 23.4211,    6.516, 01 Oct 2008, 09:44:59
 23.4485,    6.533, 01 Oct 2008, 09:49:59
 23.4730,    6.547, 01 Oct 2008, 09:54:59
 23.4757,    6.559, 01 Oct 2008, 09:59:59
 23.4571,    6.573, 01 Oct 2008, 10:04:59
 23.4379,    6.584, 01 Oct 2008, 10:09:59
 23.4385,    6.595, 01 Oct 2008, 10:14:59
 23.3869,    6.604, 01 Oct 2008, 10:19:59
 23.3310,    6.607, 01 Oct 2008, 10:24:59
 23.3447,    6.618, 01 Oct 2008, 10:29:59
 23.3239,    6.630, 01 Oct 2008, 10:34:59
 23.3744,    6.641, 01 Oct 2008, 10:39:59
 23.3163,    6.647, 01 Oct 2008, 10:44:59
 23.3779,    6.658, 01 Oct 2008, 10:49:59
 23.3934,    6.672, 01 Oct 2008, 10:54:59
 23.4239,    6.683, 01 Oct 2008, 10:59:59
 23.4136,    6.691, 01 Oct 2008, 11:04:59
 23.4407,    6.701, 01 Oct 2008, 11:09:59
 23.4536,    6.709, 01 Oct 2008, 11:14:59
 23.4856,    6.721, 01 Oct 2008, 11:19:59
 23.4962,    6.730, 01 Oct 2008, 11:24:59
 23.5096,    6.737, 01 Oct 2008, 11:29:59
 23.5031,    6.743, 01 Oct 2008, 11:34:59
 23.4833,    6.746, 01 Oct 2008, 11:39:59
 23.4412,    6.748, 01 Oct 2008, 11:44:59
 23.4527,    6.750, 01 Oct 2008, 11:49:59
 23.5140,    6.761, 01 Oct 2008, 11:54:59
 23.4857,    6.765, 01 Oct 2008, 11:59:59
 23.4982,    6.771, 01 Oct 2008, 12:04:59
 23.5158,    6.776, 01 Oct 2008, 12:09:59
 23.5151,    6.782, 01 Oct 2008, 12:14:59
 23.5166,    6.786, 01 Oct 2008, 12:19:59
 23.5215,    6.790, 01 Oct 2008, 12:24:59
 23.4991,    6.793, 01 Oct 2008, 12:29:59
 23.4636,    6.793, 01 Oct 2008, 12:34:59
 23.4815,    6.797, 01 Oct 2008, 12:39:59
 23.4703,    6.800, 01 Oct 2008, 12:44:59
 23.4660,    6.802, 01 Oct 2008, 12:49:59
 23.4557,    6.805, 01 Oct 2008, 12:54:59
 23.4437,    6.808, 01 Oct 2008, 12:59:59
 23.4287,    6.811, 01 Oct 2008, 13:04:59
 23.4161,    6.812, 01 Oct 2008, 13:09:59
 23.3808,    6.815, 01 Oct 2008, 13:14:59
 23.3901,    6.818, 01 Oct 2008, 13:19:59
 23.3853,    6.823, 01 Oct 2008, 13:24:59
 23.3852,    6.826, 01 Oct 2008, 13:29:59
 23.3724,    6.830, 01 Oct 2008, 13:34:59
 23.3589,    6.832, 01 Oct 2008, 13:39:59
 23.3412,    6.834, 01 Oct 2008, 13:44:59
 23.3059,    6.833, 01 Oct 2008, 13:49:59
 23.3067,    6.836, 01 Oct 2008, 13:54:59
 23.2578,    6.836, 01 Oct 2008, 13:59:59
 23.2442,    6.836, 01 Oct 2008, 14:04:59
 23.2320,    6.837, 01 Oct 2008, 14:09:59
 23.2329,    6.840, 01 Oct 2008, 14:14:59
 23.2021,    6.840, 01 Oct 2008, 14:19:59
 23.1645,    6.840, 01 Oct 2008, 14:24:59
 23.1567,    6.841, 01 Oct 2008, 14:29:59
 23.1516,    6.843, 01 Oct 2008, 14:34:59
 23.1515,    6.846, 01 Oct 2008, 14:39:59
 23.1479,    6.848, 01 Oct 2008, 14:44:59
 23.1336,    6.853, 01 Oct 2008, 14:49:59
 23.0769,    6.851, 01 Oct 2008, 14:54:59
 23.0848,    6.855, 01 Oct 2008, 14:59:59
 23.1026,    6.862, 01 Oct 2008, 15:04:59
 23.1133,    6.866, 01 Oct 2008, 15:09:59
 23.1160,    6.871, 01 Oct 2008, 15:14:59
 23.1162,    6.873, 01 Oct 2008, 15:19:59
 23.1133,    6.876, 01 Oct 2008, 15:24:59
 23.1090,    6.878, 01 Oct 2008, 15:29:59
 23.1071,    6.880, 01 Oct 2008, 15:34:59
 23.1050,    6.882, 01 Oct 2008, 15:39:59
 23.1104,    6.884, 01 Oct 2008, 15:44:59
 23.1108,    6.887, 01 Oct 2008, 15:49:59
 23.1150,    6.889, 01 Oct 2008, 15:54:59
 23.1166,    6.889, 01 Oct 2008, 15:59:59
 23.1208,    6.890, 01 Oct 2008, 16:04:59
 23.1205,    6.890, 01 Oct 2008, 16:09:59
 23.1192,    6.882, 01 Oct 2008, 16:14:59
 23.1196,    6.875, 01 Oct 2008, 16:19:59
 23.1180,    6.847, 01 Oct 2008, 16:24:59
 23.1150,    6.761, 01 Oct 2008, 16:29:59
 23.1123,    6.686, 01 Oct 2008, 16:34:59
 23.1126,    6.623, 01 Oct 2008, 16:39:59
 23.1157,    6.530, 01 Oct 2008, 16:44:59
 23.1131,    6.448, 01 Oct 2008, 16:49:59
 23.1060,    6.388, 01 Oct 2008, 16:54:59
 23.0999,    6.280, 01 Oct 2008, 16:59:59
 23.0943,    6.230, 01 Oct 2008, 17:04:59
 23.0917,    6.206, 01 Oct 2008, 17:09:59
 23.0898,    6.165, 01 Oct 2008, 17:14:59
 23.0867,    6.129, 01 Oct 2008, 17:19:59
 23.0845,    6.109, 01 Oct 2008, 17:24:59
 23.0807,    6.091, 01 Oct 2008, 17:29:59
 23.0739,    6.078, 01 Oct 2008, 17:34:59
 23.0654,    6.073, 01 Oct 2008, 17:39:59
 23.0544,    6.067, 01 Oct 2008, 17:44:59
 23.0372,    6.047, 01 Oct 2008, 17:49:59
 23.0318,    6.034, 01 Oct 2008, 17:54:59
 23.0352,    6.024, 01 Oct 2008, 17:59:59
 23.0419,    6.021, 01 Oct 2008, 18:04:59
 23.0438,    6.020, 01 Oct 2008, 18:09:59
 23.0527,    6.019, 01 Oct 2008, 18:14:59
 23.0585,    6.019, 01 Oct 2008, 18:19:59
 23.0650,    6.021, 01 Oct 2008, 18:24:59
 23.0821,    6.023, 01 Oct 2008, 18:29:59
 23.1216,    6.023, 01 Oct 2008, 18:34:59
 23.1380,    6.028, 01 Oct 2008, 18:39:59
 23.1421,    6.033, 01 Oct 2008, 18:44:59
 23.1499,    6.037, 01 Oct 2008, 18:49:59
 23.1492,    6.040, 01 Oct 2008, 18:54:59
 23.1492,    6.042, 01 Oct 2008, 18:59:59
 23.1631,    6.047, 01 Oct 2008, 19:04:59
 23.1771,    6.052, 01 Oct 2008, 19:09:59
 23.1827,    6.058, 01 Oct 2008, 19:14:59
 23.1862,    6.063, 01 Oct 2008, 19:19:59
 23.1877,    6.070, 01 Oct 2008, 19:24:59
 23.1853,    6.074, 01 Oct 2008, 19:29:59
