test/test04/SBE37SMP-ODO-RS232_03709513_2016_04_03.cnv
* Sea-Bird SBE37SMP-ODO-RS232  Data File:
* FileName = C:\Users\jan079\Desktop\SBE37SMP-ODO-RS232_03709513_2016_04_03.hex
* Software version SeatermV2 2.4.1
* Temperature SN = 9513
* Conductivity SN = 9513
* System UpLoad Time = Apr 03 2016 05:58:22
* sample interval = 1800 seconds
* <ApplicationData>
** mooring Pulse-11
** depth 100
# nquan = 12
# nvalues = 18204                                 
# units = specified
# name 0 = timeJV2: Time, Instrument [julian days]
# name 1 = timeK: Time, Instrument [seconds]
# name 2 = tv290C: Temperature [ITS-90, deg C]
# name 3 = cond0S/m: Conductivity [S/m]
# name 4 = prdM: Pressure, Strain Gauge [db]
# name 5 = depSM: Depth [salt water, m], lat = -46.00
# name 6 = sal00: Salinity, Practical [PSU]
# name 7 = oxsolMm/Kg: Oxygen Saturation, Garcia & Gordon [umol/kg]
# name 8 = oxsolML/L: Oxygen Saturation, Garcia & Gordon [ml/l]
# name 9 = sbeopoxML/L: Oxygen, SBE 63 [ml/l]
# name 10 = sbeopoxMm/Kg: Oxygen, SBE 63 [umol/kg]
# name 11 = flag:  0.000e+00
# span 0 =  80.000417, 459.229583                 
# span 1 =  480211236,  512976636                 
# span 2 =     8.3266,    19.3791                 
# span 3 =   0.000020,   4.202063                 
# span 4 =     -0.189,    100.295                 
# span 5 =     -0.187,     99.448                 
# span 6 =     0.0051,    35.2979                 
# span 7 =  253.30076,  352.71938                 
# span 8 =    5.82140,    7.89555                 
# span 9 =      2.224,      7.125                 
# span 10 =      99.29,     318.31                
# span 11 = 0.0000e+00, 0.0000e+00                
# interval = seconds: 1800
# start_time = Mar 21 2015 00:00:36 [Instrument's time stamp, first data scan]
# bad_flag = -9.990e-29
*END*
  80.000417  480211236    17.8782   0.000023      0.081      0.080     0.0091  296.98332    6.64074      6.446     288.29  0.000e+00
  80.021250  480213036    17.9266   0.000020      0.080      0.079     0.0091  296.69066    6.63413      6.444     288.19  0.000e+00
  80.042083  480214836    17.9748   0.000023      0.076      0.075     0.0091  296.39953    6.62757      6.433     287.68  0.000e+00
  80.062917  480216636    17.8889   0.000023      0.074      0.074     0.0091  296.91890    6.63928      6.444     288.19  0.000e+00
  80.083750  480218436    17.8475   0.000023      0.075      0.075     0.0091  297.16958    6.64494      6.453     288.59  0.000e+00
  80.104583  480220236    17.9326   0.000023      0.075      0.075     0.0091  296.65470    6.63332      6.457     288.78  0.000e+00
  80.125417  480222036    17.8433   0.000023      0.075      0.075     0.0091  297.19481    6.64551      6.458     288.79  0.000e+00
  80.146250  480223836    17.7789   0.000031      0.069      0.069     0.0090  297.58599    6.65433      6.457     288.77  0.000e+00
  80.167083  480225636    17.7281   0.000023      0.071      0.071     0.0090  297.89483    6.66130      6.461     288.94  0.000e+00
  80.187917  480227436    17.6854   0.000023      0.067      0.066     0.0090  298.15481    6.66717      6.464     289.08  0.000e+00
  80.208750  480229236    17.6490   0.000023      0.064      0.064     0.0090  298.37719    6.67218      6.467     289.22  0.000e+00
  80.229583  480231036    17.6233   0.000023      0.062      0.061     0.0090  298.53416    6.67573      6.471     289.39  0.000e+00
  80.250417  480232836    17.6042   0.000023      0.065      0.065     0.0090  298.65092    6.67836      6.473     289.45  0.000e+00
  80.271250  480234636    17.5932   0.000023      0.061      0.060     0.0090  298.71787    6.67987      6.476     289.62  0.000e+00
  80.292083  480236436    17.5867   0.000023      0.066      0.066     0.0090  298.75803    6.68078      6.474     289.51  0.000e+00
  80.312917  480238236    17.5799   0.000023      0.069      0.068     0.0090  298.79926    6.68171      6.480     289.78  0.000e+00
  80.333750  480240036    17.5740   0.000023      0.070      0.069     0.0090  298.83567    6.68253      6.480     289.77  0.000e+00
  80.354583  480241836    17.5837   0.000023      0.066      0.066     0.0090  298.77624    6.68119      6.475     289.57  0.000e+00
  80.375417  480243636    17.6062   0.000023      0.068      0.067     0.0090  298.63861    6.67808      6.475     289.56  0.000e+00
  80.396250  480245436    17.6313   0.000023      0.069      0.068     0.0090  298.48488    6.67461      6.473     289.47  0.000e+00
  80.417083  480247236    17.6431   0.000023      0.070      0.069     0.0090  298.41309    6.67299      6.469     289.30  0.000e+00
  80.437917  480249036    17.6487   0.000023      0.069      0.068     0.0090  298.37880    6.67222      6.469     289.30  0.000e+00
  80.458750  480250836    17.6532   0.000023      0.069      0.068     0.0090  298.35147    6.67160      6.467     289.21  0.000e+00
  80.479583  480252636    17.6584   0.000023      0.069      0.068     0.0090  298.31933    6.67088      6.467     289.20  0.000e+00
  80.500417  480254436    17.6678   0.000023      0.064      0.064     0.0090  298.26199    6.66959      6.460     288.91  0.000e+00
  80.521250  480256236    17.6802   0.000023      0.060      0.059     0.0090  298.18643    6.66788      6.460     288.91  0.000e+00
  80.542083  480258036    17.6940   0.000023      0.056      0.056     0.0090  298.10228    6.66598      6.456     288.70  0.000e+00
  80.562917  480259836    17.7092   0.000023      0.050      0.050     0.0090  298.01009    6.66390      6.446     288.28  0.000e+00
  80.583750  480261636    17.7242   0.000023      0.053      0.052     0.0090  297.91842    6.66183      6.451     288.49  0.000e+00
  80.604583  480263436    17.7378   0.000023      0.047      0.046     0.0090  297.83585    6.65997      6.443     288.15  0.000e+00
  80.625417  480265236    17.7534   0.000023      0.043      0.043     0.0090  297.74094    6.65783      6.437     287.88  0.000e+00
  80.646250  480267036    17.7688   0.000023      0.042      0.042     0.0090  297.64708    6.65571      6.437     287.88  0.000e+00
  80.667083  480268836    17.7840   0.000023      0.040      0.039     0.0090  297.55483    6.65363      6.433     287.68  0.000e+00
  80.729583  480274236    17.8359   0.000023      0.026      0.026     0.0091  297.23989    6.64653      6.418     287.00  0.000e+00
