tags/1.5/Tests/sample_data/SBE37_sample_data2.asc
* Sea-Bird SBE37 Data File:
* FileName = C:\Data\Instant\Raw\SBE37\SBE37_0913.asc
* Software Version 1.53
* Temperature SN = 0913
* Conductivity SN = 0913
* System UpLoad Time = Dec 16 2006 18:53:53
* ds
* SBE37-SM V 1.4  SERIAL NO. 0913    16 Dec 2006  07:53:38
*END*
[from data line 392]
 16.4651, 4.38916, 20 Jun 2005, 04:45:01
 16.1105, 4.34903, 20 Jun 2005, 04:52:31
 17.0962, 4.44465, 20 Jun 2005, 05:00:01
 15.8732, 4.33058, 20 Jun 2005, 05:07:31
 15.7703, 4.31126, 20 Jun 2005, 05:15:01
 15.9932, 4.33848, 20 Jun 2005, 05:22:31
 16.3080, 4.36994, 20 Jun 2005, 05:30:01
 15.9992, 4.33697, 20 Jun 2005, 05:37:31
 16.0802, 4.34548, 20 Jun 2005, 05:45:01
 16.6215, 4.40086, 20 Jun 2005, 05:52:31
 16.0474, 4.35077, 20 Jun 2005, 06:00:01
 16.4924, 4.38749, 20 Jun 2005, 06:07:31
 17.2779, 4.45956, 20 Jun 2005, 06:15:01
 17.4411, 4.48358, 20 Jun 2005, 06:22:31
 17.4171, 4.48207, 20 Jun 2005, 06:30:01
 17.4001, 4.48034, 20 Jun 2005, 06:37:31
 17.1391, 4.45180, 20 Jun 2005, 06:45:01
 17.4802, 4.48635, 20 Jun 2005, 06:52:31
 17.2793, 4.46896, 20 Jun 2005, 07:00:01
 17.3414, 4.47210, 20 Jun 2005, 07:07:31
 17.3491, 4.47507, 20 Jun 2005, 07:15:01
 17.1355, 4.45212, 20 Jun 2005, 07:22:31
 17.7419, 4.51172, 20 Jun 2005, 07:30:01
 17.3549, 4.47438, 20 Jun 2005, 07:37:31
 17.3519, 4.47606, 20 Jun 2005, 07:45:01
 16.1653, 4.35982, 20 Jun 2005, 07:52:31
 16.6844, 4.40443, 20 Jun 2005, 08:00:01
 16.6402, 4.39669, 20 Jun 2005, 08:07:31
 16.8209, 4.40961, 20 Jun 2005, 08:15:01
 17.3462, 4.47194, 20 Jun 2005, 08:22:31
 17.4981, 4.48699, 20 Jun 2005, 08:30:01
 17.3027, 4.46726, 20 Jun 2005, 08:37:31
 16.8112, 4.41916, 20 Jun 2005, 08:45:01
 16.9821, 4.43962, 20 Jun 2005, 08:52:31
 17.6157, 4.49195, 20 Jun 2005, 09:00:01
 17.8924, 4.52567, 20 Jun 2005, 09:07:31
 18.0528, 4.53937, 20 Jun 2005, 09:15:01
 18.9937, 4.60715, 20 Jun 2005, 09:22:31
 17.7701, 4.51323, 20 Jun 2005, 09:30:01
 18.2590, 4.55475, 20 Jun 2005, 09:37:31
 18.2577, 4.56268, 20 Jun 2005, 09:45:01
 18.8193, 4.59300, 20 Jun 2005, 09:52:31
 17.8289, 4.51753, 20 Jun 2005, 10:00:01
 17.9968, 4.53101, 20 Jun 2005, 10:07:31
 18.1913, 4.55603, 20 Jun 2005, 10:15:01
 17.6245, 4.50296, 20 Jun 2005, 10:22:31
 18.0440, 4.50536, 20 Jun 2005, 10:30:01
 17.9551, 4.52814, 20 Jun 2005, 10:37:31
 18.2499, 4.55693, 20 Jun 2005, 10:52:31
 18.0617, 4.54763, 20 Jun 2005, 11:00:01
 18.0408, 4.54110, 20 Jun 2005, 11:07:31
 17.7123, 4.51223, 20 Jun 2005, 11:15:01
 18.0340, 4.53547, 20 Jun 2005, 11:22:31
 18.0461, 4.53538, 20 Jun 2005, 11:30:01
 19.3751, 4.65822, 20 Jun 2005, 11:37:31
 19.4942, 4.67578, 20 Jun 2005, 11:45:01
 19.8226, 4.70711, 20 Jun 2005, 11:52:31
 19.6939, 4.69740, 20 Jun 2005, 12:00:01
 20.1893, 4.72973, 20 Jun 2005, 12:07:31
 19.6220, 4.70621, 20 Jun 2005, 12:15:01
 19.6608, 4.73254, 20 Jun 2005, 12:22:31
 19.4901, 4.68728, 20 Jun 2005, 12:30:01
 20.0543, 4.69750, 20 Jun 2005, 12:37:31
 19.4041, 4.67162, 20 Jun 2005, 12:45:01
 19.3419, 4.66553, 20 Jun 2005, 12:52:31
 19.3380, 4.66163, 20 Jun 2005, 13:00:01
 19.2329, 4.65087, 20 Jun 2005, 13:07:31
 19.1486, 4.64477, 20 Jun 2005, 13:15:01
19.1450, 4.64437, 20 Jun 2005, 13:22:31
 19.0927, 4.64015, 20 Jun 2005, 13:30:01
 19.0603, 4.63609, 20 Jun 2005, 13:37:31
 19.8385, 4.68312, 20 Jun 2005, 13:45:01
 19.1459, 4.64796, 20 Jun 2005, 13:52:31
 18.9843, 4.67620, 20 Jun 2005, 14:00:01
 18.9685, 4.62712, 20 Jun 2005, 14:07:31
 18.8383, 4.62226, 20 Jun 2005, 14:15:01
 20.2420, 4.73080, 20 Jun 2005, 14:22:31
 18.9984, 4.71149, 20 Jun 2005, 14:30:01
 20.3495, 4.73816, 20 Jun 2005, 14:37:31
 19.9814, 4.73331, 20 Jun 2005, 14:45:01
 20.0322, 4.70343, 20 Jun 2005, 14:52:31
 20.1742, 4.75316, 20 Jun 2005, 15:00:01
 18.9943, 4.68090, 20 Jun 2005, 15:07:31
 18.9550, 4.61275, 20 Jun 2005, 15:15:01
 20.3049, 4.70533, 20 Jun 2005, 15:22:31
 19.0846, 4.64228, 20 Jun 2005, 15:30:01
 19.8776, 4.71669, 20 Jun 2005, 15:37:31
 18.8477, 4.62584, 20 Jun 2005, 15:45:01
 18.7365, 4.60544, 20 Jun 2005, 15:52:31
 18.8375, 4.61695, 20 Jun 2005, 16:00:01
 18.9244, 4.61443, 20 Jun 2005, 16:07:31
 18.7007, 4.60183, 20 Jun 2005, 16:15:01
 18.6790, 4.60101, 20 Jun 2005, 16:22:31
 18.6504, 4.59840, 20 Jun 2005, 16:30:01
 18.7882, 4.60782, 20 Jun 2005, 16:37:31
 18.7239, 4.60410, 20 Jun 2005, 16:45:01
 22.6605, 4.97919, 20 Jun 2005, 16:52:31
 26.9171, 5.33221, 20 Jun 2005, 17:00:01
 20.2624, 4.77527, 20 Jun 2005, 17:07:31
 20.1585, 4.74270, 20 Jun 2005, 17:15:01
 22.5742, 4.97911, 20 Jun 2005, 17:22:31
 22.6182, 4.99720, 20 Jun 2005, 17:30:01
 20.5163, 4.84246, 20 Jun 2005, 17:37:31
 20.0891, 4.74238, 20 Jun 2005, 17:45:01
 22.6440, 4.99820, 20 Jun 2005, 17:52:31
 21.2555, 4.85065, 20 Jun 2005, 18:00:01
 20.4615, 4.77710, 20 Jun 2005, 18:07:31
 23.1034, 5.04663, 20 Jun 2005, 18:15:01
  21.6223, 4.89034, 20 Jun 2005, 18:30:01
 21.9072, 4.91473, 20 Jun 2005, 18:37:31
 22.8492, 5.01249, 20 Jun 2005, 18:45:01
 20.4805, 4.76141, 20 Jun 2005, 18:52:31
 22.8131, 5.00351, 20 Jun 2005, 19:00:01
 25.1572, 5.18654, 20 Jun 2005, 19:07:31
 22.0279, 4.99355, 20 Jun 2005, 19:15:01
 21.8669, 4.90336, 20 Jun 2005, 19:22:31
 22.5887, 4.99239, 20 Jun 2005, 19:30:01
 20.9542, 4.82195, 20 Jun 2005, 19:37:31
 20.6511, 4.79333, 20 Jun 2005, 19:45:01
 22.5953, 4.99065, 20 Jun 2005, 19:52:31
 20.5544, 4.78088, 20 Jun 2005, 20:00:01
 22.7541, 4.99590, 20 Jun 2005, 20:07:31
 20.6475, 4.79519, 20 Jun 2005, 20:15:01
 22.8190, 5.00531, 20 Jun 2005, 20:22:31
 20.4032, 4.77245, 20 Jun 2005, 20:30:01
 22.6351, 4.99014, 20 Jun 2005, 20:37:31
 20.4922, 4.77577, 20 Jun 2005, 20:45:01
 20.5154, 4.77809, 20 Jun 2005, 20:52:31
 22.2482, 4.95783, 20 Jun 2005, 21:00:01
 20.3494, 4.76186, 20 Jun 2005, 21:07:31
 20.2816, 4.75552, 20 Jun 2005, 21:15:01
 20.9743, 4.81727, 20 Jun 2005, 21:22:31
 20.1195, 4.74093, 20 Jun 2005, 21:30:01
 20.1196, 4.73825, 20 Jun 2005, 21:37:31
 20.0676, 4.75839, 20 Jun 2005, 21:45:01
 20.3033, 4.74894, 20 Jun 2005, 21:52:31
 20.8683, 4.81205, 20 Jun 2005, 22:00:01
 20.0350, 4.73373, 20 Jun 2005, 22:07:31
 21.0709, 4.82693, 20 Jun 2005, 22:15:01
 19.6572, 4.69485, 20 Jun 2005, 22:22:31
 19.7874, 4.71285, 20 Jun 2005, 22:30:01
 22.4984, 4.98163, 20 Jun 2005, 22:37:31
 19.4040, 4.66979, 20 Jun 2005, 22:45:01
 19.0725, 4.63772, 20 Jun 2005, 22:52:31
 21.7694, 4.86295, 20 Jun 2005, 23:00:01
  18.8172, 4.63730, 20 Jun 2005, 23:15:01
 18.6536, 4.59886, 20 Jun 2005, 23:22:31
 18.5126, 4.58013, 20 Jun 2005, 23:30:01
 19.0733, 4.62242, 20 Jun 2005, 23:37:31
 18.6348, 4.60474, 20 Jun 2005, 23:45:01
 18.7955, 4.59878, 20 Jun 2005, 23:52:31
 18.6691, 4.60735, 21 Jun 2005, 00:00:01
 21.0756, 4.80993, 21 Jun 2005, 00:07:31
 18.6626, 4.62147, 21 Jun 2005, 00:15:01
 21.1407, 4.81047, 21 Jun 2005, 00:22:31
 20.4228, 4.77878, 21 Jun 2005, 00:30:01
 18.8413, 4.64967, 21 Jun 2005, 00:37:31
 21.6713, 4.87495, 21 Jun 2005, 00:45:01
 18.7263, 4.60630, 21 Jun 2005, 00:52:31
 18.8810, 4.60896, 21 Jun 2005, 01:00:01
 18.8757, 4.62178, 21 Jun 2005, 01:07:31
 18.7722, 4.60777, 21 Jun 2005, 01:15:01
 18.7241, 4.60248, 21 Jun 2005, 01:22:31
 18.7258, 4.59679, 21 Jun 2005, 01:30:01
 18.9004, 4.61620, 21 Jun 2005, 01:37:31
 18.9523, 4.62254, 21 Jun 2005, 01:45:01
 19.5984, 4.74804, 21 Jun 2005, 01:52:31
 21.2144, 4.79522, 21 Jun 2005, 02:00:01
 20.6580, 4.80098, 21 Jun 2005, 02:07:31
 20.1830, 4.73796, 21 Jun 2005, 02:15:01
 20.2249, 4.74342, 21 Jun 2005, 02:22:31
 20.3048, 4.76845, 21 Jun 2005, 02:30:01
 20.7715, 4.79908, 21 Jun 2005, 02:37:31
 18.6093, 4.67696, 21 Jun 2005, 02:45:01
 20.6758, 4.79294, 21 Jun 2005, 02:52:31
 20.5473, 4.76292, 21 Jun 2005, 03:00:01
 20.0688, 4.74212, 21 Jun 2005, 03:07:31
 20.1239, 4.71347, 21 Jun 2005, 03:15:01
 19.3914, 4.67049, 21 Jun 2005, 03:22:31
 18.9313, 4.64308, 21 Jun 2005, 03:30:00
 19.4857, 4.68197, 21 Jun 2005, 03:37:31
 19.3808, 4.64977, 21 Jun 2005, 03:45:01
 18.9588, 4.63566, 21 Jun 2005, 03:52:31
 18.7871, 4.61278, 21 Jun 2005, 04:00:01
 18.5685, 4.61428, 21 Jun 2005, 04:07:31
 18.9044, 4.62120, 21 Jun 2005, 04:15:01
 18.8874, 4.61827, 21 Jun 2005, 04:22:31
 18.6138, 4.61082, 21 Jun 2005, 04:30:01
 18.7678, 4.60666, 21 Jun 2005, 04:37:31
 18.6948, 4.60014, 21 Jun 2005, 04:45:01
 18.5371, 4.59031, 21 Jun 2005, 04:52:31
 18.4396, 4.57392, 21 Jun 2005, 05:00:01
 18.6014, 4.58896, 21 Jun 2005, 05:07:31
 18.5723, 4.59049, 21 Jun 2005, 05:15:01
 18.6083, 4.58538, 21 Jun 2005, 05:22:31
 18.6812, 4.61719, 21 Jun 2005, 05:30:01
 18.7698, 4.60353, 21 Jun 2005, 05:37:31
 18.6935, 4.60628, 21 Jun 2005, 05:45:01
 18.5828, 4.60357, 21 Jun 2005, 05:52:31
 18.2617, 4.56043, 21 Jun 2005, 06:00:01
 18.4796, 4.58041, 21 Jun 2005, 06:07:31
 18.3810, 4.57598, 21 Jun 2005, 06:15:01
 18.3532, 4.56794, 21 Jun 2005, 06:22:31
 18.2138, 4.55893, 21 Jun 2005, 06:30:01
 18.2551, 4.55403, 21 Jun 2005, 06:37:31
 18.2684, 4.56119, 21 Jun 2005, 06:45:01
 18.3015, 4.56325, 21 Jun 2005, 06:52:31
 18.3109, 4.56074, 21 Jun 2005, 07:00:01
 18.1472, 4.55539, 21 Jun 2005, 07:07:31
 18.2368, 4.55218, 21 Jun 2005, 07:15:01
 18.2297, 4.55376, 21 Jun 2005, 07:22:31
 19.3774, 4.66685, 21 Jun 2005, 07:30:01
 21.1170, 4.79534, 21 Jun 2005, 07:37:31
 21.5259, 4.87652, 21 Jun 2005, 07:45:01
 21.3738, 4.86308, 21 Jun 2005, 07:52:31
 20.8059, 4.83384, 21 Jun 2005, 08:00:01
 18.8737, 4.66738, 21 Jun 2005, 08:07:31
 18.4765, 4.58393, 21 Jun 2005, 08:15:01
 19.9023, 4.70794, 21 Jun 2005, 08:22:31
 18.4339, 4.57961, 21 Jun 2005, 08:30:01
 18.2205, 4.55865, 21 Jun 2005, 08:37:31
 18.1340, 4.54778, 21 Jun 2005, 08:45:01
 18.3506, 4.56675, 21 Jun 2005, 08:52:31
 18.1713, 4.55041, 21 Jun 2005, 09:00:01
 17.9308, 4.52999, 21 Jun 2005, 09:07:31
 17.8614, 4.52340, 21 Jun 2005, 09:15:01
 17.9046, 4.52406, 21 Jun 2005, 09:22:31
 18.2970, 4.56158, 21 Jun 2005, 09:30:01
 18.2398, 4.55804, 21 Jun 2005, 09:37:31
 18.2126, 4.55503, 21 Jun 2005, 09:45:01
 18.1964, 4.55256, 21 Jun 2005, 09:52:31
 19.3792, 4.64656, 21 Jun 2005, 10:00:01
 20.0065, 4.73257, 21 Jun 2005, 10:07:31
 19.9467, 4.72149, 21 Jun 2005, 10:15:01
 18.0400, 4.55101, 21 Jun 2005, 10:22:31
 18.3654, 4.56926, 21 Jun 2005, 10:30:01
 17.9146, 4.52914, 21 Jun 2005, 10:37:31
 17.8864, 4.52353, 21 Jun 2005, 10:45:01
 17.7792, 4.51502, 21 Jun 2005, 10:52:31
 17.7436, 4.51095, 21 Jun 2005, 11:00:01
 17.7264, 4.50601, 21 Jun 2005, 11:07:31
 17.8865, 4.52484, 21 Jun 2005, 11:15:01
 18.3385, 4.54495, 21 Jun 2005, 11:22:31
 17.8904, 4.52555, 21 Jun 2005, 11:30:01
 18.6682, 4.59781, 21 Jun 2005, 11:37:31
 21.2516, 4.84251, 21 Jun 2005, 11:45:01
 19.1699, 4.64994, 21 Jun 2005, 11:52:31
 19.6103, 4.65918, 21 Jun 2005, 12:00:01
 19.9649, 4.73154, 21 Jun 2005, 12:07:31
 21.9057, 4.89835, 21 Jun 2005, 12:15:01
 19.8440, 4.73002, 21 Jun 2005, 12:22:31
 21.0135, 4.81591, 21 Jun 2005, 12:30:01
 20.9138, 4.81705, 21 Jun 2005, 12:37:31
 20.6917, 4.80784, 21 Jun 2005, 12:45:01
 20.2151, 4.75028, 21 Jun 2005, 12:52:31
 21.6130, 4.88466, 21 Jun 2005, 13:00:01
 21.0390, 4.79875, 21 Jun 2005, 13:07:31
 19.7780, 4.70498, 21 Jun 2005, 13:15:01
 19.7486, 4.69477, 21 Jun 2005, 13:22:31
 18.9336, 4.62119, 21 Jun 2005, 13:30:01
 17.7427, 4.51172, 21 Jun 2005, 13:37:31
 18.3353, 4.57387, 21 Jun 2005, 13:45:01
 19.2014, 4.64877, 21 Jun 2005, 13:52:31
 18.5298, 4.58466, 21 Jun 2005, 14:00:01
 19.2166, 4.64883, 21 Jun 2005, 14:07:31
 18.6718, 4.59920, 21 Jun 2005, 14:15:01
 17.9761, 4.52363, 21 Jun 2005, 14:22:31
 19.3254, 4.65550, 21 Jun 2005, 14:30:01
 18.1208, 4.53150, 21 Jun 2005, 14:37:31
 18.4987, 4.58289, 21 Jun 2005, 14:45:01
 18.2550, 4.55873, 21 Jun 2005, 14:52:31
 18.5858, 4.58977, 21 Jun 2005, 15:00:01
 17.8160, 4.52029, 21 Jun 2005, 15:07:31
 18.5835, 4.58926, 21 Jun 2005, 15:15:01
 18.7230, 4.60315, 21 Jun 2005, 15:22:31
 17.9657, 4.54021, 21 Jun 2005, 15:30:01
 18.9525, 4.62531, 21 Jun 2005, 15:37:31
 19.1199, 4.64672, 21 Jun 2005, 15:45:01
 18.3112, 4.56135, 21 Jun 2005, 15:52:31
 18.9712, 4.63669, 21 Jun 2005, 16:00:01
 19.0774, 4.63461, 21 Jun 2005, 16:07:31
 20.3885, 4.73307, 21 Jun 2005, 16:15:01
 18.1917, 4.58258, 21 Jun 2005, 16:22:31
 19.2381, 4.66026, 21 Jun 2005, 16:30:01
 19.3339, 4.65994, 21 Jun 2005, 16:37:31
 18.8625, 4.61700, 21 Jun 2005, 16:45:01
 20.0825, 4.67153, 21 Jun 2005, 16:52:31
 20.3063, 4.75502, 21 Jun 2005, 17:00:01
 21.3309, 4.84389, 21 Jun 2005, 17:07:31
 23.0100, 5.01735, 21 Jun 2005, 17:15:01
 23.3547, 5.08152, 21 Jun 2005, 17:22:31
 21.1093, 4.86511, 21 Jun 2005, 17:30:01
 21.8771, 4.88805, 21 Jun 2005, 17:37:31
 23.0030, 5.02493, 21 Jun 2005, 17:45:01
 21.4646, 4.89268, 21 Jun 2005, 17:52:31
 21.1666, 4.81869, 21 Jun 2005, 18:00:01
 23.0801, 5.02447, 21 Jun 2005, 18:07:31
 23.1700, 5.03754, 21 Jun 2005, 18:15:01
 23.1349, 5.05429, 21 Jun 2005, 18:22:31
 23.3528, 5.05747, 21 Jun 2005, 18:30:01
 23.3449, 5.05687, 21 Jun 2005, 18:37:31
 22.9386, 5.01255, 21 Jun 2005, 18:45:01
 23.4180, 5.04153, 21 Jun 2005, 18:52:31
 23.1523, 5.04230, 21 Jun 2005, 19:00:01
 24.1382, 5.08984, 21 Jun 2005, 19:07:31
 23.5026, 5.05277, 21 Jun 2005, 19:15:01
 24.0135, 5.11112, 21 Jun 2005, 19:22:31
 24.1736, 5.09801, 21 Jun 2005, 19:30:01
 23.3441, 5.08039, 21 Jun 2005, 19:37:31
 23.7357, 5.09135, 21 Jun 2005, 19:45:01
 23.6460, 5.07275, 21 Jun 2005, 19:52:31
 22.9478, 5.07188, 21 Jun 2005, 20:00:01
 23.2560, 5.01831, 21 Jun 2005, 20:07:31
 22.8724, 5.03481, 21 Jun 2005, 20:15:01
 22.7376, 5.00092, 21 Jun 2005, 20:22:31
 23.6034, 5.06957, 21 Jun 2005, 20:30:01
 23.4013, 5.07297, 21 Jun 2005, 20:37:31
 24.2943, 5.12767, 21 Jun 2005, 20:45:01
 23.1194, 5.03917, 21 Jun 2005, 20:52:31
 23.2011, 5.04347, 21 Jun 2005, 21:00:01
 22.5969, 5.03211, 21 Jun 2005, 21:07:31
 23.1890, 5.05793, 21 Jun 2005, 21:15:01
 23.4065, 5.05321, 21 Jun 2005, 21:22:31
 21.5780, 4.89084, 21 Jun 2005, 21:30:01
 23.0938, 4.99669, 21 Jun 2005, 21:37:31
 21.6806, 4.90559, 21 Jun 2005, 21:45:01
 23.0297, 5.02061, 21 Jun 2005, 21:52:31
 22.9172, 5.02008, 21 Jun 2005, 22:00:01
 22.9633, 5.01913, 21 Jun 2005, 22:07:31
 20.6136, 4.89282, 21 Jun 2005, 22:15:01
 21.0999, 4.84228, 21 Jun 2005, 22:22:31
 19.6085, 4.69807, 21 Jun 2005, 22:30:01
 19.5569, 4.68040, 21 Jun 2005, 22:37:31
 19.6285, 4.68576, 21 Jun 2005, 22:45:01
 20.3983, 4.75486, 21 Jun 2005, 22:52:31
 21.4466, 4.85691, 21 Jun 2005, 23:00:01
 19.6120, 4.69645, 21 Jun 2005, 23:07:31
 20.2462, 4.73996, 21 Jun 2005, 23:15:01
 21.1285, 4.83177, 21 Jun 2005, 23:22:31
 21.1635, 4.83335, 21 Jun 2005, 23:30:01
 20.2818, 4.75390, 21 Jun 2005, 23:37:31
 21.3467, 4.86722, 21 Jun 2005, 23:45:01
 21.3788, 4.85877, 21 Jun 2005, 23:52:31
 20.6354, 4.79821, 22 Jun 2005, 00:00:01
 20.3428, 4.75946, 22 Jun 2005, 00:07:31
 20.1926, 4.74445, 22 Jun 2005, 00:15:01
 21.1477, 4.84505, 22 Jun 2005, 00:22:31
 21.6558, 4.87994, 22 Jun 2005, 00:30:01
 21.4830, 4.87491, 22 Jun 2005, 00:37:31
 21.5496, 4.87408, 22 Jun 2005, 00:45:01
 20.9301, 4.80257, 22 Jun 2005, 00:52:31
 21.1553, 4.83258, 22 Jun 2005, 01:00:01
 21.1115, 4.83786, 22 Jun 2005, 01:07:31
 20.9388, 4.82017, 22 Jun 2005, 01:15:01
 19.5674, 4.69260, 22 Jun 2005, 01:22:31
 21.3374, 4.85979, 22 Jun 2005, 01:30:01
 21.3009, 4.85879, 22 Jun 2005, 01:37:31
 21.3432, 4.85459, 22 Jun 2005, 01:45:01
 21.6049, 4.86482, 22 Jun 2005, 01:52:31
 22.1038, 4.90218, 22 Jun 2005, 02:00:01
 22.0736, 4.80935, 22 Jun 2005, 02:07:31
 22.1308, 4.93120, 22 Jun 2005, 02:15:01
 22.1493, 4.93928, 22 Jun 2005, 02:22:31
 18.7115, 4.64761, 22 Jun 2005, 02:30:01
 19.5534, 4.68532, 22 Jun 2005, 02:37:31
 20.0271, 4.74701, 22 Jun 2005, 02:45:01
 20.2788, 4.70193, 22 Jun 2005, 02:52:31
 19.5493, 4.68688, 22 Jun 2005, 03:00:01
 20.1056, 4.73165, 22 Jun 2005, 03:07:31
 21.8102, 4.89797, 22 Jun 2005, 03:15:01
 21.1514, 4.84107, 22 Jun 2005, 03:22:31
 21.6143, 4.83180, 22 Jun 2005, 03:30:01
 18.9523, 4.62205, 22 Jun 2005, 03:37:31
 18.7568, 4.60958, 22 Jun 2005, 03:45:01
 18.9965, 4.61525, 22 Jun 2005, 03:52:31
 19.9340, 4.68999, 22 Jun 2005, 04:00:01
 19.5421, 4.68355, 22 Jun 2005, 04:07:31
 18.9815, 4.62787, 22 Jun 2005, 04:15:01
 18.8056, 4.61561, 22 Jun 2005, 04:22:31
 18.7989, 4.61106, 22 Jun 2005, 04:30:01
 18.7821, 4.61394, 22 Jun 2005, 04:37:31
 18.8152, 4.63926, 22 Jun 2005, 04:45:01
 22.0281, 4.82319, 22 Jun 2005, 04:52:31
 18.7617, 4.61369, 22 Jun 2005, 05:00:01
 20.7235, 4.78277, 22 Jun 2005, 05:07:31
 18.6333, 4.59724, 22 Jun 2005, 05:15:01
 20.9724, 4.77851, 22 Jun 2005, 05:22:31
 19.5858, 4.65074, 22 Jun 2005, 05:30:01
 20.1149, 4.71472, 22 Jun 2005, 05:37:31
