tags/1.5/Tests/sample_data/SBE37_sample_data2.asc
* Sea-Bird SBE37 Data File:
* FileName = C:\Data\Instant\Raw\SBE37\SBE37_0913.asc
* Software Version 1.53
* Temperature SN = 0913
* Conductivity SN = 0913
* System UpLoad Time = Dec 16 2006 18:53:53
* ds
* SBE37-SM V 1.4  SERIAL NO. 0913    16 Dec 2006  07:53:38
*END*
[from data line 782]
 22.4282, 4.96547, 22 Jun 2005, 05:52:31
 21.0513, 4.86016, 22 Jun 2005, 06:00:01
 22.6281, 4.97686, 22 Jun 2005, 06:07:31
 21.3352, 4.84840, 22 Jun 2005, 06:15:01
 18.7287, 4.60936, 22 Jun 2005, 06:22:31
 18.5871, 4.64984, 22 Jun 2005, 06:30:01
 18.4883, 4.59371, 22 Jun 2005, 06:37:31
 18.4378, 4.57632, 22 Jun 2005, 06:45:01
 18.4218, 4.57341, 22 Jun 2005, 06:52:31
 18.3759, 4.57196, 22 Jun 2005, 07:00:01
 18.3759, 4.56900, 22 Jun 2005, 07:07:31
 18.3547, 4.56740, 22 Jun 2005, 07:15:01
 18.3384, 4.56545, 22 Jun 2005, 07:22:31
 18.4041, 4.57216, 22 Jun 2005, 07:30:01
 18.4631, 4.57490, 22 Jun 2005, 07:37:31
 22.7361, 4.94456, 22 Jun 2005, 07:45:01
 23.0901, 5.01924, 22 Jun 2005, 07:52:31
 22.5951, 4.97856, 22 Jun 2005, 08:00:01
 22.4179, 4.96745, 22 Jun 2005, 08:07:31
 22.4419, 4.95337, 22 Jun 2005, 08:15:01
 19.7553, 4.74486, 22 Jun 2005, 08:22:31
 18.5540, 4.61053, 22 Jun 2005, 08:30:01
 18.4287, 4.57782, 22 Jun 2005, 08:37:31
 18.2924, 4.56704, 22 Jun 2005, 08:45:01
 18.1628, 4.55428, 22 Jun 2005, 08:52:31
 17.8346, 4.53463, 22 Jun 2005, 09:00:01
 18.1689, 4.54248, 22 Jun 2005, 09:07:31
 18.3459, 4.56547, 22 Jun 2005, 09:15:01
 18.1635, 4.55646, 22 Jun 2005, 09:22:31
 18.0809, 4.53775, 22 Jun 2005, 09:30:01
 18.2332, 4.55417, 22 Jun 2005, 09:37:31
 18.2885, 4.56144, 22 Jun 2005, 09:45:01
 18.1582, 4.55125, 22 Jun 2005, 09:52:31
 18.2784, 4.55725, 22 Jun 2005, 10:00:01
 22.2618, 4.93820, 22 Jun 2005, 10:07:31
 19.0565, 4.65383, 22 Jun 2005, 10:15:01
 21.6150, 4.90415, 22 Jun 2005, 10:22:31
 22.5717, 4.96774, 22 Jun 2005, 10:30:01
 22.6203, 4.97661, 22 Jun 2005, 10:37:31
 21.3723, 4.85615, 22 Jun 2005, 10:45:01
 21.9785, 4.90658, 22 Jun 2005, 10:52:31
 22.1150, 4.92791, 22 Jun 2005, 11:00:01
 22.7023, 4.98045, 22 Jun 2005, 11:07:31
 18.9812, 4.81503, 22 Jun 2005, 11:15:01
 22.7781, 4.98735, 22 Jun 2005, 11:22:31
 18.8330, 4.90025, 22 Jun 2005, 11:30:01
 22.7220, 4.96115, 22 Jun 2005, 11:37:31
 18.4518, 4.72199, 22 Jun 2005, 11:45:01
 24.2015, 5.08786, 22 Jun 2005, 11:52:31
 18.0434, 4.64349, 22 Jun 2005, 12:00:01
 18.0923, 4.53807, 22 Jun 2005, 12:07:31
 22.7416, 4.95028, 22 Jun 2005, 12:15:01
 21.4305, 4.83313, 22 Jun 2005, 12:22:31
 18.7998, 4.69683, 22 Jun 2005, 12:30:01
 19.1412, 4.62735, 22 Jun 2005, 12:37:31
 18.7781, 4.64107, 22 Jun 2005, 12:45:01
 21.5952, 4.86170, 22 Jun 2005, 12:52:31
 18.2217, 4.59269, 22 Jun 2005, 13:00:00
 18.2929, 4.54951, 22 Jun 2005, 13:07:31
 20.6992, 4.81830, 22 Jun 2005, 13:15:01
 18.2772, 4.58696, 22 Jun 2005, 13:22:31
 18.4195, 4.55871, 22 Jun 2005, 13:30:01
 18.1656, 4.58537, 22 Jun 2005, 13:37:31
 18.2165, 4.55378, 22 Jun 2005, 13:45:01
 18.2622, 4.56335, 22 Jun 2005, 13:52:31
 18.3464, 4.56062, 22 Jun 2005, 14:00:01
 18.4166, 4.58694, 22 Jun 2005, 14:07:31
 18.6239, 4.57627, 22 Jun 2005, 14:15:01
 18.2387, 4.56089, 22 Jun 2005, 14:22:31
 18.0683, 4.54197, 22 Jun 2005, 14:30:01
 18.1761, 4.56028, 22 Jun 2005, 14:37:31
 18.0521, 4.53669, 22 Jun 2005, 14:45:01
 18.5497, 4.58930, 22 Jun 2005, 14:52:31
 18.0366, 4.53962, 22 Jun 2005, 15:00:01
 18.0227, 4.53534, 22 Jun 2005, 15:07:31
 17.5947, 4.50185, 22 Jun 2005, 15:15:01
 17.7133, 4.53272, 22 Jun 2005, 15:22:31
 18.1852, 4.49695, 22 Jun 2005, 15:30:01
 17.6703, 4.50426, 22 Jun 2005, 15:37:31
 16.4234, 4.38206, 22 Jun 2005, 15:45:01
 17.9628, 4.53019, 22 Jun 2005, 15:52:31
 16.8991, 4.40889, 22 Jun 2005, 16:00:01
 17.8484, 4.51763, 22 Jun 2005, 16:07:31
 17.6855, 4.50961, 22 Jun 2005, 16:15:01
 17.6169, 4.50905, 22 Jun 2005, 16:22:31
 17.8488, 4.51420, 22 Jun 2005, 16:30:01
 17.8507, 4.50990, 22 Jun 2005, 16:37:31
 16.8391, 4.48062, 22 Jun 2005, 16:45:01
 17.8795, 4.52028, 22 Jun 2005, 16:52:31
 17.9368, 4.52194, 22 Jun 2005, 17:00:01
 17.8811, 4.52742, 22 Jun 2005, 17:07:31
 18.8178, 4.61159, 22 Jun 2005, 17:15:01
 18.2999, 4.55277, 22 Jun 2005, 17:22:31
 21.2314, 4.83760, 22 Jun 2005, 17:30:01
 26.1504, 5.28558, 22 Jun 2005, 17:37:31
 22.8735, 4.97927, 22 Jun 2005, 17:45:01
 21.5765, 4.86899, 22 Jun 2005, 17:52:31
 23.4441, 5.04728, 22 Jun 2005, 18:00:01
 23.0510, 4.99575, 22 Jun 2005, 18:07:31
 21.5522, 4.86936, 22 Jun 2005, 18:15:01
 21.5364, 4.86804, 22 Jun 2005, 18:22:31
 22.0536, 4.89137, 22 Jun 2005, 18:30:01
 23.1744, 5.01513, 22 Jun 2005, 18:37:31
 23.0143, 4.98531, 22 Jun 2005, 18:45:01
 23.6138, 5.06784, 22 Jun 2005, 18:52:31
 21.6902, 4.88595, 22 Jun 2005, 19:00:01
 21.6059, 4.95316, 22 Jun 2005, 19:07:31
 22.0040, 4.89485, 22 Jun 2005, 19:15:01
 23.2450, 5.01626, 22 Jun 2005, 19:22:31
 23.0297, 5.00537, 22 Jun 2005, 19:30:01
 23.4879, 5.05594, 22 Jun 2005, 19:37:31
 23.7370, 5.08203, 22 Jun 2005, 19:45:01
 23.4396, 5.05280, 22 Jun 2005, 19:52:31
 23.8935, 5.10534, 22 Jun 2005, 20:00:01
 21.6141, 4.90382, 22 Jun 2005, 20:07:31
 20.8369, 4.81150, 22 Jun 2005, 20:15:01
 22.6401, 4.95768, 22 Jun 2005, 20:22:31
 22.2722, 4.92056, 22 Jun 2005, 20:30:01
 22.5790, 4.95863, 22 Jun 2005, 20:37:31
 23.5096, 5.05706, 22 Jun 2005, 20:45:01
 23.3991, 5.03464, 22 Jun 2005, 20:52:31
 23.1109, 5.01233, 22 Jun 2005, 21:00:01
 22.8290, 4.96923, 22 Jun 2005, 21:07:31
 23.1742, 5.01456, 22 Jun 2005, 21:15:01
 23.4774, 5.02861, 22 Jun 2005, 21:22:31
 22.8911, 5.00467, 22 Jun 2005, 21:30:01
 21.2350, 4.94113, 22 Jun 2005, 21:37:31
 21.2100, 4.84389, 22 Jun 2005, 21:45:01
 21.1606, 4.84155, 22 Jun 2005, 21:52:31
 21.0880, 4.83801, 22 Jun 2005, 22:00:01
 21.2637, 4.84371, 22 Jun 2005, 22:07:31
  21.0593, 4.84087, 22 Jun 2005, 22:22:31
 23.0776, 5.00544, 22 Jun 2005, 22:30:01
 23.0393, 4.98362, 22 Jun 2005, 22:37:31
 21.3972, 4.89169, 22 Jun 2005, 22:45:01
 21.3857, 4.87819, 22 Jun 2005, 22:52:31
 21.0484, 4.84178, 22 Jun 2005, 23:00:01
 21.3853, 4.85670, 22 Jun 2005, 23:07:31
 20.9968, 4.79276, 22 Jun 2005, 23:15:01
 21.2963, 4.82626, 22 Jun 2005, 23:22:31
 20.7816, 4.80695, 22 Jun 2005, 23:30:01
 21.3949, 4.84926, 22 Jun 2005, 23:37:31
 20.9991, 4.82238, 22 Jun 2005, 23:45:01
 21.6798, 4.87218, 22 Jun 2005, 23:52:31
 21.3823, 4.89297, 23 Jun 2005, 00:00:01
 21.4648, 4.86642, 23 Jun 2005, 00:07:31
 20.9316, 4.81230, 23 Jun 2005, 00:15:01
 20.8970, 4.81212, 23 Jun 2005, 00:22:31
 20.5132, 4.77639, 23 Jun 2005, 00:30:01
21.4393, 4.86329, 23 Jun 2005, 00:37:31
 21.5278, 4.87093, 23 Jun 2005, 00:45:01
 21.5847, 4.88383, 23 Jun 2005, 00:52:31
 22.6295, 4.99211, 23 Jun 2005, 01:00:01
 21.7404, 4.89335, 23 Jun 2005, 01:07:31
 22.6364, 4.97070, 23 Jun 2005, 01:15:01
 22.7006, 5.00808, 23 Jun 2005, 01:22:31
 21.8874, 4.90341, 23 Jun 2005, 01:30:01
 21.3514, 4.85583, 23 Jun 2005, 01:37:31
 21.0975, 4.84262, 23 Jun 2005, 01:45:01
 22.4024, 4.97052, 23 Jun 2005, 01:52:31
 23.3731, 5.03492, 23 Jun 2005, 02:00:01
 22.2112, 4.90844, 23 Jun 2005, 02:07:31
 21.2171, 4.84027, 23 Jun 2005, 02:15:01
 21.5982, 4.87516, 23 Jun 2005, 02:22:31
 21.4763, 4.86169, 23 Jun 2005, 02:30:01
 21.7325, 4.89022, 23 Jun 2005, 02:37:31
 21.8194, 4.89242, 23 Jun 2005, 02:45:01
 21.1064, 4.83108, 23 Jun 2005, 02:52:31
 20.4637, 4.76709, 23 Jun 2005, 03:00:01
 20.8862, 4.81498, 23 Jun 2005, 03:07:31
 21.2996, 4.83183, 23 Jun 2005, 03:15:01
 21.1870, 4.81747, 23 Jun 2005, 03:22:31
 20.2892, 4.74225, 23 Jun 2005, 03:30:01
 20.8452, 4.80289, 23 Jun 2005, 03:37:31
 21.2950, 4.85018, 23 Jun 2005, 03:45:01
 20.8577, 4.80634, 23 Jun 2005, 03:52:31
 20.4389, 4.77299, 23 Jun 2005, 04:00:01
 20.4224, 4.77983, 23 Jun 2005, 04:07:31
 20.2386, 4.73480, 23 Jun 2005, 04:15:01
 20.0406, 4.71744, 23 Jun 2005, 04:22:31
 19.6452, 4.67791, 23 Jun 2005, 04:30:01
 19.9458, 4.69979, 23 Jun 2005, 04:37:31
 20.3354, 4.69295, 23 Jun 2005, 04:45:01
 21.4979, 4.76642, 23 Jun 2005, 04:52:31
 21.7018, 4.86067, 23 Jun 2005, 05:00:01
 21.6864, 4.88189, 23 Jun 2005, 05:07:31
 21.7408, 4.85759, 23 Jun 2005, 05:15:01
 21.8645, 4.87800, 23 Jun 2005, 05:22:31
 21.8014, 4.90032, 23 Jun 2005, 05:30:01
 21.8174, 4.90505, 23 Jun 2005, 05:37:31
 21.6430, 4.90585, 23 Jun 2005, 05:45:01
 21.8054, 4.89479, 23 Jun 2005, 05:52:31
 20.7168, 4.84624, 23 Jun 2005, 06:00:01
 20.6559, 4.83420, 23 Jun 2005, 06:07:31
 19.3890, 4.74061, 23 Jun 2005, 06:15:01
 19.3384, 4.71681, 23 Jun 2005, 06:22:31
 19.5959, 4.82068, 23 Jun 2005, 06:30:01
 20.6511, 4.87776, 23 Jun 2005, 06:37:31
 20.7390, 4.78801, 23 Jun 2005, 06:45:01
 20.7112, 4.76106, 23 Jun 2005, 06:52:31
 19.4629, 4.67312, 23 Jun 2005, 07:00:01
 19.4407, 4.65992, 23 Jun 2005, 07:07:31
 19.4474, 4.65914, 23 Jun 2005, 07:15:01
 19.3563, 4.65392, 23 Jun 2005, 07:22:31
 19.3871, 4.65612, 23 Jun 2005, 07:30:01
1 .3893, 4.64705, 23 Jun 2005, 07:37:31
 19.0145, 4.62204, 23 Jun 2005, 07:45:01
 19.1227, 4.63362, 23 Jun 2005, 07:52:31
 19.1842, 4.63712, 23 Jun 2005, 08:00:01
 19.2122, 4.61566, 23 Jun 2005, 08:07:31
